0.000324761 -2.6048 -3.25699e-06 0.0174094 0 
0.00017039 -9.0682 2.8876e-06 0.0346589 0 
0.000297921 -8.44747 -5.46608e-05 0.253688 0 
0.00029986 -5.86679 -6.37509e-05 0.301474 0 
0.000295453 -4.16985 -3.832e-05 0.161263 0 
0.000205456 -14.1711 -2.45086e-06 0.050889 0 
0.00023396 -2.60463 4.8991e-06 0.0185589 0 
0.000217503 -15.6812 -1.08992e-05 0.0640311 0 
0.00029521 -4.37459 -4.17549e-05 0.173624 0 
0.000292686 -8.81264 -5.18404e-05 0.240546 0 
0.000296478 -6.14941 -6.48953e-05 0.305212 0 
0.000303233 -8.12598 -5.69808e-05 0.265204 0 
0.000296346 -4.00422 -3.46885e-05 0.147172 0 
0.000304275 -5.64696 -6.17399e-05 0.289583 0 
0.000276275 -3.13741 -8.60175e-06 0.0361237 0 
0.00029685 -11.4737 -2.37477e-05 0.100605 0 
0.00029443 -9.04573 -4.89216e-05 0.229047 0 
0.00029775 -3.8736 -3.11486e-05 0.131933 0 
0.000299825 -4.53232 -4.4597e-05 0.187244 0 
0.000290778 -3.37019 -1.37647e-05 0.0517725 0 
0.000301032 -6.35005 -6.48355e-05 0.30482 0 
0.000298753 -11.0309 -2.8057e-05 0.128591 0 
0.000307687 -7.83268 -5.89799e-05 0.274986 0 
0.000296461 -9.3453 -4.56623e-05 0.214254 0 
0.000308375 -5.45982 -5.96613e-05 0.275872 0 
0.000298889 -3.76684 -2.76914e-05 0.116068 0 
0.000296682 -3.5058 -1.74537e-05 0.0674232 0 
0.000299325 -10.5603 -3.29913e-05 0.153841 0 
0.000298193 -9.70148 -4.19144e-05 0.196729 0 
0.000299219 -3.67723 -2.4219e-05 0.0998036 0 
0.000298668 -3.5973 -2.07758e-05 0.0834335 0 
0.000299147 -10.1067 -3.76734e-05 0.176622 0 
0.000305353 -4.67128 -4.73124e-05 0.201855 0 
0.000306141 -6.56304 -6.45922e-05 0.30324 0 
0.000310726 -7.5546 -6.0702e-05 0.283279 0 
0.000311118 -5.28615 -5.74747e-05 0.261457 0 
0.000309315 -4.8156 -5.00103e-05 0.216693 0 
0.000309829 -6.7921 -6.40689e-05 0.300238 0 
0.000312127 -7.28807 -6.21286e-05 0.290251 0 
0.000312205 -5.12164 -5.51238e-05 0.246661 0 
0.000311597 -4.96527 -5.26231e-05 0.23167 0 
0.000311836 -7.03371 -6.32486e-05 0.295922 0 
0.000223791 -8.65803 -2.28426e-05 0.0332923 0 
0.000253916 -3.21679 -1.47502e-05 0.0267075 0 
0.000238787 -12.5937 -1.37816e-05 0.0647093 0 
0.000299124 -4.1592 -4.2704e-05 0.183119 0 
0.000216108 -3.6789 -4.17438e-06 0.0302678 0 
0.000299399 -8.43465 -5.90203e-05 0.271648 0 
0.000297809 -8.7109 -5.59115e-05 0.260911 0 
0.000243655 -14.0216 -1.66443e-05 0.0815201 0 
0.000298753 -3.98077 -3.92777e-05 0.169719 0 
0.000285675 -3.27845 -1.18133e-05 0.0540842 0 
0.000264669 -12.9128 -2.64703e-05 0.0992747 0 
0.000295926 -11.6619 -1.83584e-05 0.0549595 0 
0.000299121 -8.97138 -5.28244e-05 0.248211 0 
0.000300224 -3.82151 -3.56696e-05 0.155254 0 
0.000298782 -3.35276 -1.69495e-05 0.07171 0 
0.00030186 -5.84983 -6.9439e-05 0.332433 0 
0.000289966 -11.4724 -3.09381e-05 0.135438 0 
0.000301195 -9.27423 -4.94314e-05 0.232407 0 
0.000302202 -4.32649 -4.55921e-05 0.196515 0 
0.000302069 -3.69226 -3.19903e-05 0.139497 0 
0.000302776 -3.42804 -2.09464e-05 0.0888148 0 
0.000299344 -10.6602 -3.62322e-05 0.165465 0 
0.000303106 -6.07288 -6.94442e-05 0.334796 0 
0.00030389 -8.12206 -6.15502e-05 0.283175 0 
0.000302583 -9.63873 -4.5595e-05 0.213406 0 
0.000303106 -3.58969 -2.82844e-05 0.122849 0 
0.00030329 -3.50549 -2.46077e-05 0.105822 0 
0.000302359 -10.0835 -4.12157e-05 0.191225 0 
0.000305122 -5.61409 -6.78921e-05 0.322574 0 
0.000331826 -2.51749 -3.35088e-06 0.0169201 0 
0.000307052 -4.47138 -4.85465e-05 0.211475 0 
0.000307696 -6.27875 -6.9365e-05 0.333935 0 
0.000309016 -7.80912 -6.36487e-05 0.294369 0 
0.000310006 -5.4015 -6.57428e-05 0.309696 0 
0.000328777 -2.54302 -7.56514e-06 0.0332937 0 
0.000311561 -4.6088 -5.16427e-05 0.227586 0 
0.000312158 -6.49397 -6.91683e-05 0.331058 0 
0.000313135 -7.51206 -6.5395e-05 0.304494 0 
0.000313845 -5.21715 -6.3233e-05 0.294236 0 
0.000266869 -13.3956 -1.90302e-05 0.0983575 0 
0.000314653 -4.74888 -5.4704e-05 0.244174 0 
0.000315059 -6.72472 -6.86946e-05 0.326558 0 
0.000315552 -7.23327 -6.6816e-05 0.313252 0 
0.000315851 -5.0507 -6.05301e-05 0.277751 0 
0.000262132 -2.83695 -2.4971e-05 0.0562456 0 
0.00026807 -3.36738 2.38636e-06 0.0517542 0 
0.000316099 -4.89529 -5.76748e-05 0.26097 0 
0.000316184 -6.97095 -6.79147e-05 0.320615 0 
0.000316028 -9.22423 -6.52972e-05 0.290757 0 
0.000260305 -14.9977 -2.45438e-05 0.119447 0 
0.000316947 -4.16048 -4.80115e-05 0.187166 0 
0.000299178 -3.36294 -2.16932e-05 0.0766173 0 
0.000279746 -13.6412 -3.18873e-05 0.145487 0 
0.000316904 -9.4883 -6.23653e-05 0.279609 0 
0.000318184 -3.98744 -4.41142e-05 0.173069 0 
0.000332024 -11.392 -3.45829e-05 0.0361662 0 
0.000318229 -4.36148 -5.19275e-05 0.200109 0 
0.00031523 -3.46617 -2.66755e-05 0.0933326 0 
0.000306163 -12.1114 -3.93217e-05 0.177143 0 
0.000319253 -9.81715 -5.89578e-05 0.265352 0 
0.000320348 -3.85206 -4.03944e-05 0.157642 0 
0.000320428 -3.55865 -2.98812e-05 0.109005 0 
0.000316928 -11.2843 -4.523e-05 0.204437 0 
0.000321039 -10.2174 -5.49879e-05 0.248067 0 
0.000318881 -8.96034 -6.7937e-05 0.300413 0 
0.000321688 -3.74448 -3.67928e-05 0.141432 0 
0.000321675 -3.65077 -3.32477e-05 0.125044 0 
0.000320804 -10.6933 -5.04294e-05 0.22786 0 
0.000310502 -12.0955 -3.57933e-05 0.109143 0 
0.000319826 -6.1506 -7.85088e-05 0.351067 0 
0.000331457 -2.53755 -9.3056e-06 0.0647404 0 
0.000322758 -4.55741 -5.55782e-05 0.213236 0 
0.00032507 -8.66205 -7.03682e-05 0.309895 0 
0.000322319 -6.41146 -7.96706e-05 0.352861 0 
0.000325373 -5.93798 -7.64762e-05 0.338739 0 
0.000289631 -13.5812 -3.41132e-05 0.138712 0 
0.000329116 -4.73001 -5.88735e-05 0.227568 0 
0.000331715 -8.35371 -7.25941e-05 0.318797 0 
0.000329367 -6.67581 -7.99231e-05 0.350711 0 
0.000325674 -2.96821 -1.71911e-05 0.0845633 0 
0.000353545 -2.41777 -1.0753e-05 0.0859303 0 
0.000332953 -5.75026 -7.45946e-05 0.323632 0 
0.000282758 -13.5311 -3.70308e-05 0.156718 0 
0.00031991 -9.17688 -6.96952e-05 0.310599 0 
0.000403677 -12.4946 -3.14165e-05 0.0686671 0 
0.000320523 -3.97385 -4.89749e-05 0.194722 0 
0.000342275 -2.44938 -8.08331e-06 0.0164181 0 
0.000320499 -4.17253 -5.26746e-05 0.207327 0 
0.000334658 -4.88901 -6.19231e-05 0.242954 0 
0.000315243 -3.31119 -2.3481e-05 0.0955878 0 
0.00033675 -8.04643 -7.46e-05 0.326844 0 
0.000335204 -6.93021 -7.95562e-05 0.347962 0 
0.000296509 -12.5955 -4.30014e-05 0.182521 0 
0.000337752 -5.56095 -7.25604e-05 0.307833 0 
0.000322117 -9.41744 -6.65426e-05 0.300029 0 
0.000338333 -5.04639 -6.48254e-05 0.25896 0 
0.000323179 -3.79525 -4.50903e-05 0.180866 0 
0.000339547 -7.74808 -7.63135e-05 0.333842 0 
0.000338815 -7.19099 -7.8789e-05 0.344339 0 
0.000339988 -5.38073 -7.01992e-05 0.291596 0 
0.000328459 -3.33633 -2.88123e-05 0.114874 0 
0.00032085 -8.94278 -7.26324e-05 0.318898 0 
0.00031349 -11.5148 -4.88564e-05 0.214206 0 
0.000340132 -5.20945 -6.75974e-05 0.27524 0 
0.00034022 -7.46277 -7.77048e-05 0.339677 0 
0.000324899 -9.73352 -6.30344e-05 0.285142 0 
0.00032585 -3.65817 -4.11122e-05 0.164987 0 
0.000328289 -3.44878 -3.32164e-05 0.131318 0 
0.000322871 -10.7226 -5.42789e-05 0.24237 0 
0.000325799 -10.1571 -5.89939e-05 0.265869 0 
0.000327217 -3.55246 -3.71697e-05 0.148029 0 
0.000365541 -13.0549 -3.68075e-05 0.137691 0 
0.000357648 -2.32105 -1.05125e-05 0.0339071 0 
0.000364411 -2.33939 -1.76292e-05 0.0800512 0 
0.000324476 -4.3553 -5.61441e-05 0.220611 0 
0.000325746 -8.65824 -7.53337e-05 0.327668 0 
0.000407212 -12.4429 -5.32048e-05 0.137371 0 
0.000324555 -14.6104 -3.98065e-05 0.171054 0 
0.000322684 -6.17881 -8.39273e-05 0.376983 0 
0.00032472 -5.93685 -8.34074e-05 0.371448 0 
0.000303614 -2.70919 -1.38736e-05 0.0994979 0 
0.000308892 -14.7966 -4.45495e-05 0.192954 0 
0.000421594 -12.8591 -3.92918e-05 0.0393614 0 
0.000343792 -4.19209 -5.92407e-05 0.207955 0 
0.000343424 -9.83205 -7.90952e-05 0.335987 0 
0.000314291 -2.12995 -2.39841e-05 0.128971 0 
0.000343901 -3.52687 -3.95345e-05 0.118057 0 
0.000331102 -4.51131 -5.95549e-05 0.235813 0 
0.000320713 -13.627 -5.0886e-05 0.219967 0 
0.000332973 -8.3249 -7.77064e-05 0.337867 0 
0.000329489 -6.3808 -8.46446e-05 0.383518 0 
0.000346441 -10.1119 -7.6248e-05 0.325904 0 
0.000347494 -4.01089 -5.48512e-05 0.193846 0 
0.000334074 -5.6754 -8.17405e-05 0.362052 0 
0.000356862 -3.54577 -4.08242e-05 0.13179 0 
0.000338675 -12.4397 -5.75329e-05 0.248929 0 
0.000350932 -10.5004 -7.26769e-05 0.311957 0 
0.000366417 -2.34859 -1.29837e-05 0.0650365 0 
0.000351964 -3.88005 -5.0972e-05 0.178017 0 
0.0003553 -3.65686 -4.36866e-05 0.146196 0 
0.000349159 -11.5917 -6.34024e-05 0.274091 0 
0.000352396 -10.9779 -6.84132e-05 0.29488 0 
0.000353923 -3.76904 -4.72662e-05 0.161828 0 
0.000337577 -4.6561 -6.30736e-05 0.252743 0 
0.000339597 -7.98592 -7.97224e-05 0.348342 0 
0.000337569 -6.59296 -8.47793e-05 0.38189 0 
0.00034158 -5.4602 -7.90019e-05 0.345083 0 
0.000344987 -4.41927 -6.39297e-05 0.220175 0 
0.000342212 -4.80351 -6.65616e-05 0.270499 0 
0.000343824 -7.6695 -8.13989e-05 0.357653 0 
0.000342825 -6.8333 -8.44586e-05 0.377732 0 
0.00047337 -12.6856 -5.23365e-05 0.173448 0 
0.000371691 -13.1029 -5.47812e-05 0.195122 0 
0.000344835 -5.28274 -7.61468e-05 0.326094 0 
0.000344924 -4.95625 -6.99025e-05 0.288668 0 
0.000345649 -7.3744 -8.27474e-05 0.365511 0 
0.000345379 -7.09525 -8.37693e-05 0.372176 0 
0.000345824 -5.11558 -7.31072e-05 0.307229 0 
0.000345867 -9.61805 -8.15075e-05 0.342797 0 
0.000385514 -2.45205 -1.53604e-05 0.105953 0 
0.000494655 -12.7668 -3.69491e-05 0.0803114 0 
0.000445069 -1.91336 -1.10934e-05 0.0197835 0 
0.000335127 -13.751 -5.33415e-05 0.21724 0 
0.000253352 -3.56386 -2.97405e-05 0.0859256 0 
0.000282933 -4.15695 -3.07541e-05 0.096965 0 
0.000402952 -2.06283 -1.98099e-05 0.0352805 0 
0.000324085 -13.5754 -5.62968e-05 0.233415 0 
0.000351451 -4.64377 -6.83683e-05 0.232483 0 
0.000347613 -4.0113 -6.04967e-05 0.214614 0 
0.000381589 -3.16662 -3.58999e-05 0.142271 0 
0.000347081 -9.83054 -8.38042e-05 0.356193 0 
0.000335277 -12.6804 -6.19593e-05 0.258937 0 
0.000309442 -2.70165 -2.9917e-05 0.0950581 0 
0.00040687 -2.09261 -2.19597e-05 0.0835051 0 
0.000353386 -9.36776 -8.38323e-05 0.349109 0 
0.000353127 -10.0367 -8.07219e-05 0.348628 0 
0.000354282 -3.80574 -5.60918e-05 0.201728 0 
0.000372324 -3.3523 -4.2628e-05 0.155804 0 
0.000349489 -11.696 -6.77886e-05 0.287945 0 
0.000339339 -6.44624 -9.44788e-05 0.394255 0 
0.000357688 -10.4062 -7.72206e-05 0.33366 0 
0.000359445 -3.66494 -5.15946e-05 0.185471 0 
0.000363331 -3.53611 -4.73445e-05 0.169335 0 
0.00035697 -10.9439 -7.29189e-05 0.313395 0 
0.000343594 -6.2318 -9.13223e-05 0.386044 0 
0.000345615 -4.25245 -6.45802e-05 0.225063 0 
0.000362108 -4.85955 -7.24226e-05 0.245459 0 
0.000501785 -12.7833 -6.43911e-05 0.158549 0 
0.000346363 -9.66127 -8.67183e-05 0.359894 0 
0.00036467 -9.08831 -8.61431e-05 0.355044 0 
0.000357066 -6.86061 -9.6886e-05 0.390335 0 
0.000423852 -13.5329 -5.70411e-05 0.225448 0 
0.000366572 -6.17317 -8.95581e-05 0.363766 0 
0.000372032 -5.05794 -7.58312e-05 0.259666 0 
0.000374738 -8.7785 -8.85595e-05 0.360824 0 
0.000370327 -7.17967 -9.68027e-05 0.385537 0 
0.000378069 -5.9842 -8.85536e-05 0.344854 0 
0.000497597 -13.521 -3.77139e-05 0.0429055 0 
0.000477596 -12.6184 -7.56601e-05 0.244325 0 
0.000445944 -2.10175 -2.70262e-05 0.129263 0 
0.000378059 -5.23527 -7.88138e-05 0.275538 0 
0.000380371 -8.44622 -9.08598e-05 0.366711 0 
0.000378531 -7.49466 -9.58363e-05 0.380835 0 
0.000382213 -5.79208 -8.67683e-05 0.326641 0 
0.000373638 -14.967 -6.00371e-05 0.247232 0 
0.000381632 -5.4146 -8.17165e-05 0.292129 0 
0.000351077 -4.46438 -6.85081e-05 0.236964 0 
0.000382693 -8.12191 -9.27991e-05 0.371932 0 
0.000382105 -7.80299 -9.44363e-05 0.376646 0 
0.0003832 -5.602 -8.44083e-05 0.309081 0 
0.00041008 -2.06504 -1.78108e-05 0.0680546 0 
0.000316737 -4.36888 -4.37047e-05 0.087778 0 
0.000393265 -1.76442 -5.70871e-05 0.152958 0 
0.000355613 -14.9115 -6.46485e-05 0.264902 0 
0.000352813 -9.40409 -8.94478e-05 0.365403 0 
0.000430066 -2.18276 -2.3485e-05 0.109555 0 
0.000431063 -3.48312 -5.19078e-05 0.153158 0 
0.00036551 -13.8283 -7.07785e-05 0.290015 0 
0.000363524 -4.11826 -7.04941e-05 0.228987 0 
0.000379723 -10.7757 -9.12722e-05 0.371428 0 
0.000380753 -4.01175 -6.64717e-05 0.211332 0 
0.000407418 -3.58257 -5.4274e-05 0.165969 0 
0.000380504 -12.7323 -7.71089e-05 0.316544 0 
0.000387724 -11.2676 -8.73669e-05 0.357244 0 
0.000389547 -3.89104 -6.27238e-05 0.195028 0 
0.000416241 -2.60926 8.98514e-06 0.114128 0 
0.000395372 -3.76452 -5.88041e-05 0.179326 0 
0.0003884 -11.9004 -8.26781e-05 0.339009 0 
0.000363343 -10.2731 -9.43461e-05 0.386162 0 
0.000574181 -12.4995 -6.29798e-05 0.204716 0 
0.000362595 -4.63725 -7.20826e-05 0.250965 0 
0.000334086 -6.45777 -9.85173e-05 0.397374 0 
0.000364621 -9.07068 -9.21357e-05 0.372409 0 
0.000570641 -12.8651 -3.63977e-05 0.0905238 0 
0.000426275 -13.4207 -7.4876e-05 0.285634 0 
0.000346154 -6.62632 -9.70913e-05 0.397314 0 
0.000508553 -1.72823 -9.59642e-06 0.0205232 0 
0.000361793 -4.37086 -7.68095e-05 0.241168 0 
0.000358793 -6.08588 -9.73552e-05 0.385806 0 
0.00046523 -1.82839 -1.93174e-05 0.0367937 0 
0.000442721 -1.88022 -2.60343e-05 0.0847607 0 
0.000544014 -12.7878 -7.5633e-05 0.280122 0 
0.000496567 -2.31634 -2.79868e-05 0.146025 0 
0.000363061 -10.1091 -9.60131e-05 0.391584 0 
0.000375793 -4.78076 -7.5925e-05 0.268228 0 
0.000382398 -14.0146 -7.34046e-05 0.295206 0 
0.000378111 -8.67593 -9.45387e-05 0.382446 0 
0.000370039 -6.78444 -0.000101656 0.4248 0 
0.000385188 -5.77292 -9.65122e-05 0.395326 0 
0.000468976 -1.92993 -3.17433e-05 0.130892 0 
0.000581243 -2.46582 -3.23764e-05 0.203078 0 
0.000370844 -13.7569 -7.67146e-05 0.307109 0 
0.00038427 -4.93751 -8.00449e-05 0.286955 0 
0.000386946 -8.30558 -9.65854e-05 0.392478 0 
0.000451626 -3.0957 -5.14674e-05 0.184937 0 
0.000383365 -7.03917 -0.000101878 0.421785 0 
0.000380914 -12.8534 -8.22969e-05 0.331046 0 
0.000390864 -5.61978 -9.33791e-05 0.367985 0 
0.000371918 -3.94107 -7.42609e-05 0.23764 0 
0.000587424 -12.6026 -9.31434e-05 0.283262 0 
0.00039023 -10.6353 -9.60481e-05 0.399019 0 
0.000371239 -10.3049 -9.82268e-05 0.412254 0 
0.000392159 -3.76721 -6.8079e-05 0.220703 0 
0.000630859 -1.84114 -2.65881e-05 0.204448 0 
0.000414361 -3.45128 -5.8382e-05 0.18996 0 
0.000392387 -11.9095 -8.78043e-05 0.357792 0 
0.000388348 -5.11454 -8.37359e-05 0.305125 0 
0.000390643 -7.97766 -9.83905e-05 0.399947 0 
0.000395601 -11.1765 -9.23788e-05 0.380911 0 
0.000389858 -7.3355 -0.000101092 0.414111 0 
0.000401254 -3.63922 -6.33337e-05 0.203461 0 
0.000391837 -5.45996 -9.04211e-05 0.344959 0 
0.000391022 -5.28776 -8.71456e-05 0.324293 0 
0.000369313 -4.61215 -8.23525e-05 0.253238 0 
0.000391558 -7.65436 -9.98789e-05 0.407062 0 
0.000586313 -13.056 -6.8593e-05 0.176037 0 
0.000371604 -9.88523 -9.80193e-05 0.396107 0 
0.000565605 -13.7185 -3.23615e-05 0.0468286 0 
0.000357198 -4.28111 -7.77576e-05 0.241149 0 
0.000480044 -13.7787 -7.76836e-05 0.313097 0 
0.000461857 -1.78394 -2.06558e-05 0.0719073 0 
0.000358121 -10.3595 -0.000101449 0.402674 0 
0.000457944 -1.91373 -2.94127e-05 0.112346 0 
0.000385672 -4.84538 -8.78056e-05 0.265993 0 
0.000299572 -5.74749 -0.000107073 0.477854 0 
0.000423851 -15.1428 -8.07264e-05 0.321847 0 
0.000507945 -2.05956 -3.56032e-05 0.149504 0 
0.000665783 -12.4026 -9.14642e-05 0.330438 0 
0.000388177 -9.63363 -9.98977e-05 0.39996 0 
0.000667504 -2.74691 -2.05291e-05 0.158655 0 
0.000543077 -1.97916 -3.68233e-05 0.176649 0 
0.000405988 -15.075 -8.59516e-05 0.334774 0 
0.000365879 -6.9383 -0.000114011 0.410806 0 
0.000546947 -12.6599 -9.86788e-05 0.353023 0 
0.000393453 -6.62356 -9.94399e-05 0.387161 0 
0.00049082 -3.27455 -5.81545e-05 0.185656 0 
0.000414699 -13.9963 -9.20231e-05 0.35786 0 
0.000413235 -11.2459 -0.000107848 0.423759 0 
0.000365002 -4.49154 -8.23015e-05 0.253279 0 
0.000415386 -3.90491 -7.85405e-05 0.229488 0 
0.000447378 -3.63384 -7.00123e-05 0.197204 0 
0.000425203 -12.9008 -9.81416e-05 0.382692 0 
0.000427194 -12.0575 -0.000103401 0.402728 0 
0.000433391 -3.83978 -7.54338e-05 0.210249 0 
0.000412522 -5.15825 -9.29699e-05 0.275209 0 
0.000662244 -12.4805 -6.74322e-05 0.231397 0 
0.000415401 -9.5011 -0.000101959 0.397134 0 
0.000397121 -7.21545 -0.000117443 0.431366 0 
0.000716095 -2.06714 -6.46371e-05 0.200588 0 
0.000429801 -6.37938 -0.000104661 0.386306 0 
0.000367375 -10.0594 -0.000104071 0.407982 0 
0.000637825 -12.8992 -3.19693e-05 0.0998207 0 
0.000390175 -4.05316 -8.11711e-05 0.24438 0 
0.000423859 -5.35938 -9.53289e-05 0.289867 0 
0.000427507 -9.1369 -0.000105567 0.40023 0 
0.000422722 -7.69709 -0.000116762 0.418559 0 
0.000435675 -6.19335 -0.000104445 0.361152 0 
0.000429196 -5.56854 -9.82598e-05 0.305848 0 
0.000433744 -8.81092 -0.000108549 0.402419 0 
0.000595172 -1.58262 -7.51822e-06 0.021166 0 
0.000431086 -8.05203 -0.000114009 0.412248 0 
0.000437632 -6.02112 -0.000103074 0.339268 0 
0.000389584 -10.792 -0.000111872 0.432186 0 
0.000536476 -1.66808 -2.04833e-05 0.037022 0 
0.000434646 -5.79664 -0.000100988 0.321835 0 
0.000434818 -8.44635 -0.000111446 0.406272 0 
0.000474834 -1.71436 -2.69596e-05 0.0839039 0 
0.000474848 -1.73785 -3.40923e-05 0.13243 0 
0.000481941 -13.6292 -9.56247e-05 0.373588 0 
0.000379891 -4.70624 -8.65382e-05 0.26511 0 
0.000542555 -1.80631 -4.24447e-05 0.175101 0 
0.00068884 -12.7995 -0.000103193 0.314168 0 
0.000382542 -9.78193 -0.000106758 0.41072 0 
0.000434154 -14.2756 -9.48453e-05 0.370699 0 
0.000671195 -3.14508 -6.17982e-05 0.161723 0 
0.000318125 -3.74134 -8.25782e-05 0.287804 0 
0.000511226 -3.03701 -6.04855e-05 0.193338 0 
0.000422581 -13.8922 -9.85306e-05 0.379295 0 
0.000592492 -2.13002 -4.48499e-05 0.189254 0 
0.000468377 -3.32692 -6.91314e-05 0.206962 0 
0.000618782 -12.8175 -9.84208e-05 0.38572 0 
0.000430222 -12.9128 -0.000103871 0.403143 0 
0.000319106 -9.2208 -0.000114711 0.489404 0 
0.000427604 -11.0921 -0.000112382 0.457058 0 
0.000433613 -3.62614 -8.1404e-05 0.241327 0 
0.000451608 -3.53436 -7.51962e-05 0.220217 0 
0.000437074 -11.9368 -0.000109057 0.429193 0 
0.00067857 -12.4386 -0.000121408 0.41031 0 
0.000661963 -13.2372 -6.71213e-05 0.192109 0 
0.000631604 -13.6997 -2.54705e-05 0.0511654 0 
0.000301778 -7.11631 -9.83244e-05 0.345949 0 
0.000417183 -3.67932 -8.45269e-05 0.263641 0 
0.000410802 -4.88097 -8.9195e-05 0.27758 0 
0.000321831 -6.97241 -0.000110789 0.3301 0 
0.000413372 -9.41635 -0.000110246 0.412346 0 
0.000415312 -10.3123 -0.000116372 0.480283 0 
0.000587871 -2.2347 -4.93294e-05 0.204147 0 
0.000391258 -6.77297 -0.000115352 0.436315 0 
0.000465257 -1.65121 -3.29345e-05 0.114724 0 
0.000511818 -1.56386 -2.04134e-05 0.0743425 0 
0.000447288 -5.85208 -0.000110479 0.42801 0 
0.000389948 -4.69845 -0.00010044 0.266134 0 
0.000512181 -1.84102 -4.15783e-05 0.149648 0 
0.000437065 -4.94637 -9.51867e-05 0.303685 0 
0.000440828 -8.82704 -0.000112221 0.431942 0 
0.000392538 -10.739 -0.000111359 0.436862 0 
0.000538956 -13.9052 -9.84032e-05 0.397401 0 
0.000422638 -7.08235 -0.000118854 0.455884 0 
0.000456099 -5.82818 -0.00011172 0.421398 0 
0.000775031 -12.3199 -0.000101046 0.374009 0 
0.000440035 -5.19619 -9.9644e-05 0.319413 0 
0.000327776 -3.82953 -0.000100446 0.299242 0 
0.000600382 -1.96483 -4.5845e-05 0.184493 0 
0.000447074 -8.53341 -0.000114866 0.434922 0 
0.000445236 -7.38905 -0.000121687 0.463949 0 
0.000453247 -5.75849 -0.000109662 0.385266 0 
0.000476401 -15.2627 -0.000103046 0.395075 0 
0.0004451 -5.41384 -0.000102903 0.336403 0 
0.000450942 -8.17066 -0.000117254 0.442462 0 
0.000449 -7.80248 -0.000119469 0.451428 0 
0.000451098 -5.59986 -0.000106171 0.357746 0 
0.000496683 -2.86877 -6.32156e-05 0.211524 0 
0.000328116 -9.90509 -0.000113084 0.523519 0 
0.00045724 -15.0441 -0.000109025 0.406063 0 
0.000703203 -12.9165 -2.56077e-05 0.10874 0 
0.000739423 -12.5609 -6.64773e-05 0.254444 0 
0.000437318 -2.00394 -4.93589e-05 0.256828 0 
0.000485515 -3.35242 -8.02417e-05 0.218962 0 
0.000342216 -4.15869 -9.48464e-05 0.316919 0 
0.000462293 -13.8753 -0.000115033 0.428823 0 
0.000469103 -3.82914 -9.14936e-05 0.240329 0 
0.00047545 -3.62252 -8.88498e-05 0.230344 0 
0.000458976 -12.5263 -0.000121613 0.458729 0 
0.000460094 -11.9145 -0.000126419 0.467868 0 
0.000610286 -1.96294 -5.04238e-05 0.203908 0 
0.000344717 -8.80589 -0.000118908 0.499518 0 
0.000620746 -12.6484 -0.000121376 0.459829 0 
0.000769803 -12.2244 -0.000117939 0.457268 0 
0.000709187 -1.45751 -5.6878e-06 0.0216753 0 
0.000406561 -1.6797 -2.61659e-05 0.128764 0 
0.000540575 -1.59222 -3.21804e-05 0.0768945 0 
0.000344518 -4.92913 -8.62444e-05 0.23536 0 
0.000637909 -1.52494 -2.21088e-05 0.0375736 0 
0.000545393 -1.53766 -4.44722e-05 0.188918 0 
0.000589644 -2.21201 -4.95771e-05 0.229884 0 
0.000803177 -12.5666 -0.000136445 0.455633 0 
0.000346652 -11.7541 -0.000125916 0.397733 0 
0.000392774 -9.1354 -0.000148161 0.329611 0 
0.000446451 -5.19062 -0.000117151 0.295565 0 
0.000416911 -7.41013 -8.27301e-05 0.345888 0 
0.000397575 -3.43265 -9.08831e-05 0.293144 0 
0.000449332 -10.2253 -0.000112915 0.446521 0 
0.000541308 -13.7494 -0.000117475 0.460287 0 
0.000778214 -13.0475 -0.000105305 0.341012 0 
0.000394939 -9.78999 -0.00013065 0.546617 0 
0.00036729 -6.29221 -0.000130504 0.498659 0 
0.000516284 -6.69804 -0.000116653 0.406124 0 
0.000701013 -13.6223 -1.8367e-05 0.0559583 0 
0.00048686 -14.3314 -0.00011771 0.447313 0 
0.000399939 -3.33267 -5.93478e-05 0.169486 0 
0.000733625 -13.3404 -6.22574e-05 0.208274 0 
0.000646581 -1.70395 -5.3905e-05 0.210504 0 
0.000366434 -3.97375 -0.000110768 0.341039 0 
0.000469706 -5.2135 -0.000113677 0.312094 0 
0.00047489 -3.25913 -7.62927e-05 0.212759 0 
0.000474145 -9.46377 -0.00012039 0.450438 0 
0.000466165 -7.72375 -0.000143132 0.449836 0 
0.000474774 -13.6901 -0.000121897 0.456963 0 
0.000498654 -6.30048 -0.000123322 0.415846 0 
0.000488809 -3.36073 -8.62385e-05 0.235803 0 
0.000439353 -2.69365 -6.93196e-05 0.182028 0 
0.000473563 -12.384 -0.000126351 0.49159 0 
0.000369269 -8.83992 -0.000116205 0.555189 0 
0.000506176 -3.3572 -8.86281e-05 0.259116 0 
0.000484095 -11.3531 -0.00013384 0.511559 0 
0.000470738 -5.46027 -0.000116948 0.327002 0 
0.000480951 -9.13707 -0.000124163 0.448767 0 
0.000479988 -7.89198 -0.000137999 0.465758 0 
0.000502978 -6.30521 -0.000123164 0.375933 0 
0.000426395 -4.89588 -8.93794e-05 0.242972 0 
0.000478734 -5.72678 -0.00012054 0.341736 0 
0.000497327 -8.95337 -0.000129065 0.441178 0 
0.000483198 -8.33009 -0.000134778 0.455672 0 
0.000499755 -6.10981 -0.000122722 0.351731 0 
0.000434047 -1.26218 -3.03975e-05 0.124006 0 
0.00070295 -12.7689 -0.000119626 0.487222 0 
0.00043843 -1.77411 -5.32724e-05 0.1415 0 
0.000662989 -2.10057 -4.98244e-05 0.212743 0 
0.000624874 -1.46735 -1.78348e-05 0.074198 0 
0.000426127 -12.7971 -0.0001471 0.43384 0 
0.000903784 -12.0703 -0.000132359 0.520444 0 
0.000637957 -1.75954 -4.75273e-05 0.185466 0 
0.000425055 -3.30737 -0.000107999 0.314521 0 
0.000381573 -5.67945 -9.89325e-05 0.252331 0 
0.000784258 -12.239 -0.000148644 0.537869 0 
0.000416489 -10.0948 -0.000130345 0.600282 0 
0.00038446 -11.6637 -0.000132103 0.393633 0 
0.000866536 -12.4609 -0.000103697 0.410061 0 
0.000636527 -2.14018 -6.11537e-05 0.21878 0 
0.00060023 -14.2045 -0.000121764 0.477084 0 
0.000772958 -12.9508 -1.85587e-05 0.11779 0 
0.000457937 -2.63226 -0.000113815 0.288417 0 
0.000811744 -12.6861 -6.19615e-05 0.275393 0 
0.000516049 -15.2187 -0.000130491 0.476107 0 
0.000459267 -6.62615 -7.32512e-05 0.501079 0 
0.000406077 -2.93735 -8.61065e-05 0.214386 0 
0.000624852 -5.19141 -0.000122665 0.5138 0 
0.000426777 -2.84463 -8.15602e-05 0.253326 0 
0.000499745 -14.4205 -0.00013431 0.490484 0 
0.000449754 -5.56685 -0.000148507 0.537766 0 
0.000510624 -4.53529 -0.000110684 0.340858 0 
0.000721471 -1.86439 -5.36534e-05 0.211694 0 
0.000526678 -3.50707 -0.000110918 0.24794 0 
0.000498681 -13.0334 -0.000140636 0.51383 0 
0.000517702 -3.16079 -6.98117e-05 0.296708 0 
0.000515335 -8.6679 -0.000128488 0.509148 0 
0.00055346 -1.75754 -5.658e-05 0.0787437 0 
0.000446016 -2.71808 -4.2152e-05 0.22819 0 
0.000561759 -1.14061 -3.49839e-05 0.193244 0 
0.00084084 -1.31603 -5.02678e-06 0.0220199 0 
0.000691298 -1.41812 -3.57876e-05 0.0804107 0 
0.000472964 -3.05371 -9.71079e-05 0.294672 0 
0.000767194 -1.37663 -2.2995e-05 0.0388701 0 
0.000516426 -8.63799 -0.000150502 0.547099 0 
0.000410581 -7.23718 -0.000118887 0.402278 0 
0.000906998 -12.8513 -0.000141392 0.493471 0 
0.000553543 -5.69297 -0.000126386 0.495167 0 
0.000709625 -1.47054 -5.60965e-05 0.212069 0 
0.00049036 -5.21803 -9.88071e-05 0.262944 0 
0.000434894 -10.1891 -0.000150514 0.608974 0 
0.000491351 -4.98662 -0.000117254 0.344449 0 
0.000706209 -12.6055 -0.000145758 0.569391 0 
0.00072449 -1.84877 -6.14639e-05 0.228899 0 
0.000502535 -8.7289 -0.000131331 0.488992 0 
0.000519021 -6.84388 -0.000147361 0.548452 0 
0.0005276 -5.83184 -0.000132399 0.449091 0 
0.000493744 -11.7649 -0.000149701 0.437188 0 
0.000489997 -5.3313 -0.000121099 0.353839 0 
0.000522087 -8.3774 -0.000136169 0.483898 0 
0.000502997 -7.5894 -0.00014355 0.511336 0 
0.000530082 -5.71544 -0.000127644 0.403209 0 
0.00077835 -13.5756 -1.16119e-05 0.0612569 0 
0.000949968 -12.4707 -0.000169206 0.591651 0 
0.000514672 -5.55166 -0.00012131 0.36726 0 
0.000522728 -7.88077 -0.00013902 0.516346 0 
0.000859234 -13.2698 -0.000102088 0.366966 0 
0.000905231 -12.0392 -0.000139861 0.577423 0 
0.000807156 -13.4039 -5.59959e-05 0.225488 0 
0.000701355 -2.3358 -4.55212e-05 0.228519 0 
0.000589381 -13.5761 -0.000140598 0.559194 0 
0.000624601 -4.74848 -0.000106359 0.226583 0 
0.000504472 -2.72264 -0.000125083 0.327193 0 
0.000807392 -2.62099 -7.41615e-05 0.430839 0 
0.000522147 -14.0075 -0.000143008 0.5293 0 
0.000436321 -2.68893 -8.52767e-05 0.254777 0 
0.000471273 -3.76306 -8.94545e-05 0.218131 0 
0.000507265 -5.92651 -7.27692e-05 0.523155 0 
0.000607958 -14.6529 -0.000161673 0.447011 0 
0.000529956 -12.4142 -0.000148088 0.565634 0 
0.0007868 -1.59278 -1.75879e-05 0.103833 0 
0.000810287 -6.27275 -0.000162672 0.74518 0 
0.000534004 -2.66974 -0.000110354 0.328611 0 
0.000805825 -1.58423 -2.43895e-05 0.146738 0 
0.000772237 -1.35769 -1.78554e-05 0.0747063 0 
0.000646412 -2.35601 -7.50181e-05 0.222141 0 
0.000786641 -1.61613 -6.47409e-05 0.230167 0 
0.000466462 -10.3994 -0.000146357 0.676777 0 
0.00100343 -12.2825 -0.000139269 0.570293 0 
0.0008046 -1.62519 -5.22654e-05 0.207178 0 
0.000785385 -6.47741 -0.000146497 0.435127 0 
0.000639976 -7.86678 -9.41393e-05 0.441866 0 
0.0005813 -5.03947 -0.000131936 0.326822 0 
0.000809338 -13.1268 -0.000142753 0.576212 0 
0.000852094 -13.0291 -1.14242e-05 0.127403 0 
0.000799405 -2.04381 -0.000157756 0.329858 0 
0.000586615 -9.85297 -0.00013656 0.498611 0 
0.000947898 -12.6967 -0.00010096 0.441076 0 
0.000794758 -1.99558 -5.80707e-05 0.230623 0 
0.000886732 -12.8207 -5.56392e-05 0.296207 0 
0.000556542 -8.27829 -0.000187246 0.392797 0 
0.000789729 -6.03445 -5.2032e-05 0.633018 0 
0.000626697 -6.3686 -0.000150215 0.4672 0 
0.000702739 -3.06228 -5.37996e-05 0.253215 0 
0.00045075 -4.4848 -0.000125447 0.394353 0 
0.000645495 -14.9084 -0.000154056 0.548117 0 
0.00106549 -11.6884 -0.00016303 0.675623 0 
0.000460961 -7.98214 -0.000145574 0.569997 0 
0.000590194 -7.69053 -0.000159908 0.516349 0 
0.000489738 -5.34854 -0.000141694 0.513365 0 
0.000932358 -12.1667 -0.000179479 0.666304 0 
0.000647452 -10.1997 -0.000181767 0.493116 0 
0.000833169 -1.89149 -6.76961e-05 0.257919 0 
0.000534516 -5.69661 -0.000146652 0.354599 0 
0.00057601 -9.19972 -0.000139667 0.491774 0 
0.000460832 -6.88865 -0.00015924 0.591527 0 
0.000671288 -7.11049 -0.000152466 0.345944 0 
0.000472476 -12.6963 -0.000164457 0.620571 0 
0.000478741 -5.07338 -0.000137571 0.421682 0 
0.000576798 -8.61596 -0.00016219 0.501419 0 
0.000647274 -3.86548 -8.99004e-05 0.170413 0 
0.000892015 -1.19976 -3.47894e-05 0.141808 0 
0.000662509 -1.50227 -0.000124386 0.300903 0 
0.000593997 -13.9247 -0.000154209 0.579294 0 
0.00105254 -12.6815 -0.000174135 0.644312 0 
0.000917358 -1.5096 -6.11702e-05 0.170693 0 
0.000795758 -3.41413 -0.000106973 0.441328 0 
0.000989915 -1.15936 -4.44881e-06 0.0221582 0 
0.000841778 -1.24755 -3.49284e-05 0.0862421 0 
0.000908595 -1.22466 -2.42166e-05 0.0395471 0 
0.000803955 -7.11554 -0.000161759 0.705521 0 
0.000880155 -1.42135 -6.64208e-05 0.225833 0 
0.000992711 -13.1192 -0.000139548 0.53004 0 
0.000901107 -2.28989 -9.22471e-06 0.229993 0 
0.000867062 -1.74252 -6.29026e-05 0.227265 0 
0.00115615 -3.62518 -0.000142229 0.37174 0 
0.00086738 -13.6044 -5.31009e-06 0.0671188 0 
0.00088772 -13.4671 -4.94216e-05 0.244433 0 
0.000713745 -3.46099 -0.000111273 0.248929 0 
0.000940336 -13.4517 -9.64631e-05 0.394176 0 
0.00115365 -8.95052 -0.000144595 0.667811 0 
0.000809965 -12.1281 -0.000174412 0.703989 0 
0.00132957 -2.94431 -0.000128992 0.414759 0 
0.000537502 -11.9354 -0.000180647 0.613475 0 
0.000965042 -5.63047 -0.000141624 0.560299 0 
0.000875547 -1.72411 -7.22628e-05 0.245595 0 
0.00130949 -8.12678 -0.00016388 0.787496 0 
0.000743005 -5.43685 -0.000146895 0.580972 0 
0.000538829 -11.6063 -0.000153893 0.729572 0 
0.000529814 -3.96872 -0.0001521 0.463909 0 
0.000909931 -1.19672 -6.70059e-05 0.158729 0 
0.00113969 -11.9935 -0.000175377 0.74266 0 
0.000826634 -1.20075 -3.6596e-05 0.116708 0 
0.00117872 -12.2769 -0.000147602 0.65904 0 
0.000792462 -5.16315 -0.000168021 0.701235 0 
0.000540062 -7.53727 -0.000139425 0.694537 0 
0.00123528 -13.2982 -0.000213941 0.684261 0 
0.000538496 -15.4225 -0.000184864 0.539046 0 
0.000877745 -1.39811 -5.8712e-05 0.19902 0 
0.000900362 -1.18486 -2.02291e-05 0.0759568 0 
0.00114947 -1.8241 -5.01304e-05 0.388162 0 
0.000911426 -2.04797 -6.46228e-05 0.258163 0 
0.000950103 -1.45208 -0.000142253 0.483523 0 
0.000541283 -5.96743 -0.000122538 0.411087 0 
0.00108698 -12.6629 -0.000138126 0.607032 0 
0.00095358 -1.49726 -6.47384e-05 0.223733 0 
0.000944552 -13.1733 -4.38242e-06 0.137897 0 
0.000494819 -5.50077 -0.000123843 0.328016 0 
0.000523188 -9.35087 -0.000159796 0.461994 0 
0.000528637 -6.97365 -0.000168646 0.488486 0 
0.000776447 -5.51125 -0.000140267 1.05992 0 
0.00063775 -5.25168 -0.000161334 0.380322 0 
0.00116885 -1.66496 -6.69486e-05 0.353529 0 
0.000970218 -12.9625 -4.86212e-05 0.318495 0 
0.000528461 -4.7845 -0.000161218 0.467459 0 
0.00103164 -12.9209 -9.51476e-05 0.471743 0 
0.000702004 -6.88785 -0.000161783 0.637264 0 
0.000520824 -7.55894 -0.000142375 0.51227 0 
0.000634313 -5.83278 -0.000106497 0.327873 0 
0.000731174 -8.61855 -0.000179225 0.869227 0 
0.000942459 -1.51226 -7.56579e-05 0.237505 0 
0.00104934 -4.35423 -0.000127394 0.344286 0 
0.00105753 -9.37561 -0.000168796 0.569968 0 
0.000918533 -13.8161 -0.000183223 0.681144 0 
0.000955677 -1.84823 -6.94354e-05 0.241664 0 
0.000702392 -1.25854 -3.56195e-05 0.169403 0 
0.000871365 -1.16131 -5.03842e-05 0.114519 0 
0.000713865 -15.3334 -0.000196338 0.547255 0 
0.00111523 -12.8074 -0.000171517 0.698257 0 
0.00125257 -3.50672 -0.000134013 0.401243 0 
0.000929165 -1.18386 -6.0801e-05 0.209483 0 
0.00097089 -1.1073 -3.92256e-05 0.0833248 0 
0.00116495 -0.999075 -3.12885e-06 0.0220309 0 
0.00114643 -11.8776 -0.000198711 0.830263 0 
0.00106772 -1.06826 -2.61467e-05 0.0393609 0 
0.00102318 -5.90254 -0.00018571 0.54583 0 
0.00125787 -8.26204 -0.000172757 0.703421 0 
0.000971474 -13.7291 6.22757e-07 0.0736115 0 
0.000721694 -7.13051 -0.000101304 0.754292 0 
0.00115806 -11.287 -0.000207745 0.876817 0 
0.000979107 -13.5595 -4.29234e-05 0.265645 0 
0.000998099 -1.77484 -8.08495e-05 0.268636 0 
0.00118385 -2.51825 -7.60458e-05 0.397577 0 
0.00108192 -13.3861 -0.000135677 0.566845 0 
0.00103476 -1.27712 -7.66308e-05 0.235326 0 
0.00127655 -10.7075 -0.000230482 0.950452 0 
0.00130326 -1.97564 -0.000151652 0.405096 0 
0.000721937 -5.31227 -0.000110139 0.352454 0 
0.000836847 -6.04285 -0.000175588 0.546402 0 
0.00102862 -13.6126 -8.9888e-05 0.424051 0 
0.00127933 -1.9419 -6.04567e-05 0.349804 0 
0.000734777 -10.1598 -0.000211803 0.537595 0 
0.001126 -7.00002 -0.000218338 0.803431 0 
0.00119489 -8.37896 -0.000127458 0.731287 0 
0.00107766 -1.52072 -0.000128339 0.352894 0 
0.000695767 -7.52085 -0.000200447 0.388683 0 
0.00103106 -1.61377 -7.35584e-05 0.229077 0 
0.000671182 -3.4875 -0.000172758 0.357497 0 
0.000701852 -6.48637 -8.82113e-05 0.538997 0 
0.000711522 -9.33867 -0.000130646 0.477775 0 
0.000817997 -5.50294 -9.25685e-05 0.447947 0 
0.000712638 -6.33382 -0.000143763 0.363935 0 
0.000843809 -8.2142 -0.000173359 0.578746 0 
0.000695562 -9.61432 -0.000242301 0.474759 0 
0.000841187 -3.47014 -0.000190075 0.453786 0 
0.00107436 -9.38749 -0.000218877 0.852974 0 
0.000712713 -0.933879 -5.18211e-05 0.158062 0 
0.000747461 -1.29797 -8.18486e-05 0.174315 0 
0.000954496 -1.06438 -3.57383e-05 0.112354 0 
0.0010781 -12.6682 -0.000171579 0.675027 0 
0.00120774 -12.6244 -0.000170017 0.763153 0 
0.00105944 -1.03113 -1.99977e-05 0.0747958 0 
0.0010434 -1.28386 -6.20396e-05 0.198506 0 
0.00105375 -13.3987 2.59279e-06 0.149521 0 
0.00104256 -1.60468 -8.47391e-05 0.246956 0 
0.00115056 -2.80569 -0.000118506 0.55819 0 
0.00118218 -13.0051 -0.000133151 0.643051 0 
0.00106587 -13.1301 -4.14006e-05 0.343185 0 
0.00100282 -3.59081 -0.000147392 0.328747 0 
0.00112481 -13.1063 -8.8024e-05 0.505951 0 
0.00121145 -12.2083 -0.000201066 0.859672 0 
0.00117185 -5.72024 -0.000194691 0.897401 0 
0.000929303 -2.83074 -0.000124727 0.243786 0 
0.00134186 -9.13377 -0.00025991 0.868955 0 
0.00101873 -9.9746 -0.000239079 0.862635 0 
0.00112138 -10.2894 -0.000163253 0.695021 0 
0.00107396 -1.88794 -7.50942e-05 0.26706 0 
0.00113746 -1.35973 -7.42727e-05 0.221269 0 
0.00102771 -8.50423 -0.000195253 1.21837 0 
0.00091402 -5.61866 -0.000178149 0.624949 0 
0.0010878 -6.35513 -0.000187379 0.608834 0 
0.00130187 -3.49068 -0.000163611 0.413561 0 
0.000996741 -6.39197 -0.000152954 0.583027 0 
0.00090492 -2.11395 -0.000109663 0.237979 0 
0.00128386 -8.45501 -0.000186435 0.767961 0 
0.000884119 -1.27897 -8.63374e-05 0.0952394 0 
0.00123019 -12.6694 -0.000204077 0.852821 0 
0.000925514 -0.832173 -4.72629e-05 0.213392 0 
0.00104116 -0.998299 -5.69962e-05 0.10908 0 
0.00131269 -10.3165 -0.000184909 0.979363 0 
0.000949546 -4.72345 -0.000176328 0.637386 0 
0.00112068 -1.38284 -8.79744e-05 0.233113 0 
0.00107725 -4.98635 -0.00018274 0.797649 0 
0.00107698 -3.8422 -0.000128097 0.330117 0 
0.00121784 -13.2203 -0.000171192 0.739931 0 
0.00117093 -3.08979 -0.000125175 0.592779 0 
0.00113955 -0.953898 -4.12892e-05 0.080734 0 
0.00137234 -0.838543 -8.58583e-07 0.021568 0 
0.00115424 -1.05405 -7.31326e-05 0.211118 0 
0.0010939 -13.9579 6.32311e-06 0.0808109 0 
0.00118096 -2.99538 -0.000135354 0.279307 0 
0.00125556 -0.909308 -2.79832e-05 0.0385627 0 
0.00108437 -13.7009 -3.66156e-05 0.289581 0 
0.001144 -5.6514 -0.000192325 0.817357 0 
0.0011705 -2.81127 -0.000138378 0.2637 0 
0.00104242 -10.2117 -0.000220177 0.642504 0 
0.00101767 -5.37653 -0.000138215 0.497257 0 
0.00122915 -7.26722 -0.000157913 1.01071 0 
0.00112674 -13.7627 -8.26789e-05 0.457865 0 
0.00118653 -13.6731 -0.000131178 0.605874 0 
0.000818822 -14.7814 -0.000206025 0.713744 0 
0.00112436 -5.03278 -0.000203513 0.967753 0 
0.00114139 -1.72107 -8.03504e-05 0.235352 0 
0.00109644 -4.53547 -0.00019522 0.517308 0 
0.00122073 -12.0991 -0.00024378 0.958356 0 
0.00094206 -14.8211 -0.000234207 0.717537 0 
0.00119221 -1.64998 -9.66097e-05 0.261844 0 
0.00123934 -1.14652 -8.88969e-05 0.222534 0 
0.00148979 -3.51375 -0.000199635 0.490393 0 
0.000959421 -13.5639 -0.000201864 0.760134 0 
0.00133575 -12.6287 -0.000199824 0.902357 0 
0.00152796 -7.43187 -0.000164228 0.812292 0 
0.00120317 -1.13238 -3.12992e-05 0.1205 0 
0.00177034 -11.118 -0.000225369 0.896673 0 
0.00129396 -1.10678 -2.89935e-05 0.152968 0 
0.000939385 -2.74847 -0.000149135 0.247609 0 
0.00113517 -0.925291 -3.72019e-05 0.10612 0 
0.00114206 -3.97016 -0.000154358 0.298058 0 
0.0011828 -13.7143 9.54608e-06 0.162526 0 
0.00110742 -1.77063 -2.17789e-05 0.276676 0 
0.00132514 -13.0185 -0.000167207 0.806342 0 
0.00124581 -0.873869 -1.88695e-05 0.0723756 0 
0.000897408 -5.16349 -0.000210309 0.76983 0 
0.00128291 -1.12402 -6.64225e-05 0.192577 0 
0.00117644 -13.3435 -3.4185e-05 0.370885 0 
0.000995381 -6.02948 -0.000198294 0.60306 0 
0.00122772 -1.47172 -8.5132e-05 0.216187 0 
0.00100825 -9.11266 -0.000274798 0.882123 0 
0.00163325 -12.5009 -0.000238967 0.848008 0 
0.00129612 -13.2528 -0.000127601 0.688816 0 
0.0012287 -13.2714 -8.02273e-05 0.545262 0 
0.00145101 -3.13843 -0.000141714 0.460972 0 
0.00122846 -7.16163 -0.00025934 1.1835 0 
0.000940677 -4.60756 -0.000157916 0.653928 0 
0.00134139 -6.11794 -0.000246096 0.664309 0 
0.00164198 -4.18749 -0.000186457 0.475105 0 
0.00145874 -7.36711 -0.000224915 0.810137 0 
0.000877352 -15.7639 -0.000223806 0.73397 0 
0.00124687 -1.46948 -9.80358e-05 0.233955 0 
0.00150423 -7.40379 -0.000211879 0.670779 0 
0.00144846 -2.08226 -0.00022577 0.397413 0 
0.00147923 -6.52169 -0.000195859 0.780503 0 
0.00149966 -1.97598 -2.47499e-05 0.374947 0 
0.0011396 -6.84019 -0.000176434 1.32309 0 
0.0013918 -12.9512 -0.00024335 0.974463 0 
0.00137804 -12.1777 -0.000228496 0.974525 0 
0.0012976 -0.808023 -4.43339e-05 0.155869 0 
0.00125775 -1.30744 -0.000160547 0.460367 0 
0.00109061 -6.99067 -0.00018611 0.945959 0 
0.00136016 -13.1754 -0.000205708 0.898465 0 
0.00134288 -1.83493 -8.30665e-05 0.244743 0 
0.00145058 -1.01416 -7.74673e-05 0.16205 0 
0.00135508 -1.20724 -8.55294e-05 0.20048 0 
0.00118708 -0.852872 -5.1734e-05 0.104625 0 
0.00123773 -14.2898 1.18987e-05 0.0888046 0 
0.0012064 -13.9074 -3.05891e-05 0.316672 0 
0.0011244 -10.3369 -0.000306789 0.961515 0 
0.0010457 -5.49465 -0.000194774 0.434209 0 
0.00133535 -0.810606 -4.35607e-05 0.074874 0 
0.00161905 -0.680117 2.23608e-06 0.0206853 0 
0.00134768 -13.6108 -0.000170563 0.788935 0 
0.00139924 -0.943737 -8.38025e-05 0.192754 0 
0.0014804 -0.749732 -2.97412e-05 0.0370867 0 
0.00123556 -13.9087 -7.49718e-05 0.49675 0 
0.00114637 -5.52942 -0.000139267 0.376457 0 
0.00130265 -13.9309 -0.000125205 0.650591 0 
0.00167191 -3.81125 -0.000179621 0.468685 0 
0.00133439 -1.24284 -0.0001015 0.210804 0 
0.00163409 -1.53494 -0.000122183 0.321745 0 
0.00174693 -6.85197 -0.000206935 0.815876 0 
0.000908808 -5.78796 -0.000217022 0.572838 0 
0.00110381 -8.02831 -0.000277612 1.06323 0 
0.00185725 -11.308 -0.000259974 0.911282 0 
0.00101663 -5.95287 -0.000174762 0.623958 0 
0.000895349 -5.39098 -0.000163297 0.56268 0 
0.00137522 -1.58106 -9.46613e-05 0.211945 0 
0.00134094 -0.805346 -0.000101123 0.152384 0 
0.00112626 -0.786948 -6.13822e-05 0.122348 0 
0.00133305 -14.1294 1.61982e-05 0.177172 0 
0.00165708 -9.80472 -0.000227516 1.05061 0 
0.00176705 -10.4099 -0.000320661 1.1353 0 
0.00147821 -13.0051 -0.000200246 0.960967 0 
0.00159176 -3.28919 -0.000185806 0.447948 0 
0.00138336 -0.916464 -7.48295e-05 0.168819 0 
0.00127758 -0.75287 -3.78735e-05 0.0998964 0 
0.00152254 -12.6787 -0.000236042 1.03803 0 
0.0014007 -14.3818 -0.000277026 0.673195 0 
0.00106972 -5.75889 -0.000198002 0.461189 0 
0.00130296 -13.6206 -2.75629e-05 0.40266 0 
0.00164985 -5.76466 -0.000228932 0.859282 0 
0.00150014 -13.0053 -0.000292484 1.02163 0 
0.00146897 -13.3227 -0.000164958 0.865123 0 
0.00184453 -9.34654 -0.00018594 0.796574 0 
0.00170059 -10.5615 -0.000246863 1.15161 0 
0.00148482 -0.724601 -1.34927e-05 0.0680253 0 
0.00148893 -1.49897 -0.000107795 0.245863 0 
0.00134255 -13.437 -7.22131e-05 0.590732 0 
0.00200871 -2.39065 -0.000153399 0.531571 0 
0.00162349 -4.17803 -0.000205111 0.519441 0 
0.00147087 -1.00569 -0.00010172 0.188745 0 
0.00150725 -0.96857 -8.07525e-05 0.17009 0 
0.00192432 -1.98543 -8.98451e-05 0.371978 0 
0.00142134 -13.4508 -0.000121007 0.743796 0 
0.002145 -1.80287 -0.000184097 0.452176 0 
0.00155542 -5.53952 -0.000225957 0.907888 0 
0.0017355 -10.1398 -0.000324612 0.772054 0 
0.00146399 -1.31705 -9.76588e-05 0.184276 0 
0.00153787 -13.3286 -0.000243553 1.03714 0 
0.00110899 -3.28865 -0.000196261 0.823954 0 
0.00140474 -14.706 1.71257e-05 0.0976928 0 
0.00101274 -0.766694 -3.74701e-05 0.145315 0 
0.000963998 -0.814981 -3.86709e-05 0.111493 0 
0.00134569 -14.1872 -2.51938e-05 0.347486 0 
0.00167955 -3.66754 -0.000200495 0.476444 0 
0.0015145 -13.5538 -0.000207785 0.963033 0 
0.00201345 -1.88365 -0.000133914 0.259406 0 
0.0013617 -0.78359 -6.23265e-05 0.0805163 0 
0.00146146 -0.715726 -6.2715e-05 0.158389 0 
0.0012156 -7.68427 -0.000143355 0.527029 0 
0.00148359 -1.33658 -0.000112232 0.19957 0 
0.00135535 -14.0736 -6.73646e-05 0.54195 0 
0.00176402 -6.88914 -0.000231318 0.860845 0 
0.00160903 -0.65533 -4.49162e-05 0.068573 0 
0.00190276 -0.523475 4.43666e-06 0.0192881 0 
0.00149329 -13.9729 -0.00016836 0.846365 0 
0.00142684 -14.1556 -0.000117736 0.702736 0 
0.00175121 -0.588661 -3.0918e-05 0.0350669 0 
0.00146985 -10.5106 -0.000257655 0.836125 0 
0.00163426 -0.784215 -9.43822e-05 0.155124 0 
0.00132643 -6.90497 -0.000337767 0.59313 0 
0.00162959 -13.3361 -0.00028798 1.08285 0 
0.00121047 -7.10043 -0.000302967 0.492798 0 
0.00168192 -12.147 -0.000275766 1.11946 0 
0.00187643 -10.8482 -0.00027558 0.998612 0 
0.00199337 -12.0843 -0.000281093 1.04269 0 
0.00167124 -1.6499 -0.000112324 0.213353 0 
0.00160718 -1.05013 -9.72972e-05 0.156553 0 
0.00207893 -11.1838 -0.000285043 1.07516 0 
0.00174137 -5.96685 -0.000265072 0.853119 0 
0.00193179 -11.1126 -0.000312719 1.05352 0 
0.00175399 -3.15779 -0.000165834 0.473184 0 
0.00126904 -5.85016 -0.000108846 0.500692 0 
0.00178821 -6.30179 -0.000238021 0.850715 0 
0.00159077 -6.27473 -0.000335394 1.06647 0 
0.00165359 -4.09887 -0.000196903 0.503838 0 
0.00166789 -13.0617 -0.000237539 1.10824 0 
0.00150192 -14.6714 2.17815e-05 0.193139 0 
0.00207329 -6.13903 -0.000239436 1.0613 0 
0.00186124 -2.10923 -6.50926e-05 0.442793 0 
0.000793239 -0.651154 -7.68837e-05 0.12499 0 
0.00158396 -1.09699 -0.000115358 0.165293 0 
0.00113137 -0.809232 -0.000107889 0.132517 0 
0.00106452 -0.601608 -6.1884e-05 0.112283 0 
0.00221835 -1.87516 -0.000141789 0.312201 0 
0.00143625 -14.0132 -2.39509e-05 0.43987 0 
0.00209784 -1.76478 -0.000238472 0.398179 0 
0.00164682 -13.3343 -0.000200575 1.03362 0 
0.00216445 -6.02351 -0.000234461 1.22289 0 
0.00154355 -4.48755 -0.000204289 0.611282 0 
0.00165361 -0.652671 -1.50283e-05 0.0862258 0 
0.00169747 -0.780892 -6.13625e-05 0.124232 0 
0.00145942 -13.6212 -6.66779e-05 0.647736 0 
0.00162794 -13.5857 -0.000161706 0.936508 0 
0.0015518 -13.6008 -0.000114148 0.811605 0 
0.00179171 -0.57583 -5.88836e-06 0.0618562 0 
0.00163818 -1.43064 -0.000109284 0.167426 0 
0.00179562 -0.812202 -8.83823e-05 0.117169 0 
0.00176354 -12.957 -0.00028289 1.1616 0 
0.00199697 -3.44139 -0.000239405 1.09203 0 
0.00190432 -1.54226 -0.000120924 0.264213 0 
0.00184223 -13.0278 -0.000329328 1.1243 0 
0.00182299 -3.40264 -0.000186849 0.531641 0 
0.00174021 -0.856561 -0.000115008 0.129332 0 
0.00195549 -11.577 -0.000313494 1.18505 0 
0.00190495 -5.81791 -0.000261645 0.951339 0 
0.00177016 -13.6392 -0.000289615 1.16283 0 
0.00204204 -4.32406 -0.000251522 0.994733 0 
0.00159661 -15.1898 2.06815e-05 0.107587 0 
0.00167708 -3.14165 -0.000187902 0.339788 0 
0.00170453 -13.6072 -0.000245887 1.12075 0 
0.00149181 -14.4978 -2.18878e-05 0.382817 0 
0.00111023 -0.459446 -0.00013568 0.103339 0 
0.00150206 -0.441435 2.78821e-05 0.15102 0 
0.00145533 -1.32396 -9.74338e-05 0.0510993 0 
0.00147333 -14.2897 -6.14366e-05 0.595473 0 
0.00172305 -1.42249 -0.000122669 0.189984 0 
0.00210364 -11.0078 -0.000339861 1.16476 0 
0.00169148 -13.9415 -0.000209863 1.03863 0 
0.00187622 -0.579194 -6.04114e-05 0.0748918 0 
0.00210052 -10.2139 -0.000349874 1.05064 0 
0.00191195 -0.599127 -7.92778e-05 0.108632 0 
0.00174278 -1.15669 -0.000109252 0.127978 0 
0.00155433 -14.3974 -0.00011062 0.765845 0 
0.00229794 -9.08449 -0.000290257 1.11071 0 
0.00191771 -3.28876 -0.000213154 0.841167 0 
0.00165115 -14.3261 -0.000165011 0.914263 0 
0.00197 -5.06085 -0.000266487 1.0157 0 
0.00195667 -0.484336 -4.17095e-05 0.062866 0 
0.00222129 -0.3736 4.96545e-06 0.0172659 0 
0.00206037 -0.432859 -3.2632e-05 0.032 0 
0.00190712 -3.2632 -0.000213093 0.449851 0 
0.00211169 -10.1841 -0.000289346 1.14466 0 
0.00180415 -3.31622 -0.000200332 0.690915 0 
0.00195876 -0.646501 -0.000111002 0.0834236 0 
0.00188522 -5.55406 -0.000320005 1.09233 0 
0.00260843 -2.19668 -0.000103573 0.279579 0 
0.0017493 -1.20201 -0.000126899 0.138752 0 
0.00221937 -6.01239 -0.000275995 1.26789 0 
0.00161427 -3.41064 -0.00015873 0.356714 0 
0.00170294 -15.3432 2.84662e-05 0.208721 0 
0.00191179 -13.2983 -0.000283797 1.24329 0 
0.00191148 -13.774 -0.000345147 1.18742 0 
0.00213869 -2.60359 -0.000237159 0.252669 0 
0.00154577 -14.7118 -2.66867e-05 0.474261 0 
0.00193869 -12.8376 -0.000334531 1.19918 0 
0.00184814 -13.3697 -0.000237867 1.19331 0 
0.00190819 -0.887735 -0.000108164 0.085156 0 
0.0021121 -12.1919 -0.000367264 1.18568 0 
0.0024525 -0.654668 5.18371e-05 0.0699595 0 
0.00241793 -0.737999 8.84226e-05 0.0744569 0 
0.00153206 -13.9738 -7.33998e-05 0.726262 0 
0.0018409 -13.6626 -0.000200628 1.11988 0 
0.00207184 -1.65069 -0.000141164 0.226208 0 
0.00210097 -0.498122 -3.50895e-06 0.0719398 0 
0.00282487 -4.76364 -0.000264086 0.798061 0 
0.00167611 -13.6588 -0.000112754 0.914135 0 
0.00179779 -13.7905 -0.000158796 1.02878 0 
0.00210741 -0.609154 -6.00459e-05 0.0680546 0 
0.0020113 -3.59446 -0.000226308 0.490457 0 
0.00210995 -0.418094 -4.96605e-06 0.0540793 0 
0.00212952 -6.4636 -0.000255137 0.933831 0 
0.00255944 -5.28519 -0.000213658 0.80781 0 
0.00188164 -0.943426 -0.000128811 0.0917693 0 
0.00189693 -1.52445 -0.000122452 0.152197 0 
0.00174043 -3.16376 -0.000164003 0.322214 0 
0.00159657 -9.04835 -0.000326711 0.897813 0 
0.0021196 -0.648694 -0.000103328 0.0327826 0 
0.00226808 -5.73966 -0.00026884 0.932713 0 
0.00250061 -4.20901 -0.000289922 0.654094 0 
0.00183517 -15.9015 2.23382e-05 0.118598 0 
0.00194325 -13.8445 -0.000290963 1.26125 0 
0.00234387 -10.2858 -0.000327324 1.13423 0 
0.00223192 -10.8298 -0.000338623 1.23251 0 
0.0016383 -14.6799 -2.5213e-05 0.423603 0 
0.00264207 -9.8797 -0.000353451 0.984511 0 
0.00213485 -3.80052 -0.000241249 0.598518 0 
0.00152242 -14.4098 -6.00552e-05 0.657843 0 
0.0019039 -13.942 -0.000250127 1.2171 0 
0.00193535 -1.27876 -0.000119053 0.0962984 0 
0.00301117 -0.383505 -1.25981e-05 0.0855281 0 
0.00213231 -2.98892 -0.000178809 0.485469 0 
0.0030265 -0.571988 -0.000119451 0.0572381 0 
0.00233773 -10.915 -0.000375295 1.16604 0 
0.00206955 -14.1356 -0.000351164 1.27698 0 
0.00164322 -14.8952 -0.000106513 0.842216 0 
0.00204834 -13.5167 -0.000342369 1.2587 0 
0.00177453 -7.1877 -0.00031785 0.812654 0 
0.00189742 -14.3897 -0.000213683 1.12868 0 
0.00233745 -0.372794 -4.36486e-05 0.0659402 0 
0.00209204 -13.5319 -0.000401364 1.21455 0 
0.00206803 -0.702538 -0.000128654 0.0375011 0 
0.00182728 -14.7621 -0.000166132 1.00479 0 
0.00258947 -1.51673 -0.000106394 0.313863 0 
0.00233629 -0.48623 -0.000108598 0.0271786 0 
0.00213559 -11.3305 -0.000376645 0.770508 0 
0.00229078 -0.329833 -4.21523e-05 0.0521427 0 
0.002586 -0.239464 4.95131e-06 0.0144798 0 
0.00206795 -2.0848 -0.000294655 0.41089 0 
0.00240399 -0.29118 -3.66685e-05 0.0273096 0 
0.00260373 -1.40408 -9.28586e-05 0.471549 0 
0.00216749 -12.3312 -0.00038426 1.24301 0 
0.00278143 -5.11051 -0.00028805 0.831835 0 
0.00207827 -0.98743 -0.000119468 0.0426347 0 
0.00197172 -16.0163 3.46327e-05 0.230579 0 
0.00202556 -1.5147 -0.000138497 0.179055 0 
0.00278204 -4.44376 -0.000264471 0.769133 0 
0.0021024 -13.5324 -0.000282218 1.34241 0 
0.00174134 -15.5449 -1.0739e-05 0.472353 0 
0.00224781 -3.08449 -0.000200641 0.591906 0 
0.00230194 -0.497504 -0.000128033 -0.0280899 0 
0.00134136 -15.6558 -0.000117831 0.779344 0 
0.00315187 -0.375242 -0.000151925 0.0569759 0 
0.00240805 -5.19001 -0.000303619 1.04365 0 
0.00206791 -13.7234 -0.000238762 1.29116 0 
0.00246381 -4.83811 -0.000298625 1.02046 0 
0.00248331 -0.373947 -3.86854e-05 0.0567849 0 
0.00247916 -0.416039 -7.36133e-05 0.0236306 0 
0.00175979 -13.4891 -0.000130488 1.13818 0 
0.00206838 -14.0062 -0.000202431 1.22857 0 
0.00199324 -13.9374 -0.000162686 1.17148 0 
0.0019849 -1.31307 -0.000138521 0.109527 0 
0.00235895 -0.317765 -2.35796e-05 0.0551253 0 
0.00235965 -0.442546 -0.00010254 -0.0293574 0 
0.00223389 -13.7469 -0.000343771 1.36124 0 
0.00199489 -11.0179 -0.000420295 0.753754 0 
0.0024358 -0.272285 -7.86611e-06 0.043388 0 
0.00241373 -11.3644 -0.000406056 1.23274 0 
0.00227071 -0.716808 -0.000119536 -0.0195801 0 
0.00222875 -14.382 -0.000423815 1.27903 0 
0.00238972 -3.35199 -0.000234216 0.755089 0 
0.00220756 -13.6769 -0.000406081 1.25321 0 
0.00261199 -10.6394 -0.000407975 1.11618 0 
0.00264628 -9.98172 -0.000379487 1.09009 0 
0.00207858 -1.04641 -0.000140536 0.0496267 0 
0.00246997 -3.27082 -0.000255712 0.428525 0 
0.00211706 -16.7491 2.67917e-05 0.130895 0 
0.00252332 -10.1511 -0.000354112 1.25469 0 
0.00197347 -15.9266 -3.67272e-05 0.456466 0 
0.00224398 -1.28494 -0.000236153 0.296121 0 
0.00246297 -6.35052 -0.000112508 0.902308 0 
0.00226276 -14.3182 -0.000350787 1.38585 0 
0.00297077 -2.39583 -0.000153737 0.462249 0 
0.00215444 -14.0928 -0.000293677 1.37433 0 
0.00142659 -12.6417 -7.49871e-05 0.76739 0 
0.00224757 -0.77807 -0.000141947 -0.0158024 0 
0.00256601 -5.16821 -0.000470484 1.07179 0 
0.00361009 -1.82607 -0.00019081 0.333544 0 
0.00267809 -0.3002 -6.82344e-05 0.0117274 0 
0.00145397 -16.9025 -8.49878e-05 0.875049 0 
0.00215391 -14.4026 -0.000259291 1.33128 0 
0.00258721 -0.26621 -5.29385e-05 0.0321657 0 
0.00259848 -0.320776 -0.000106565 -0.0331303 0 
0.00205615 -15.6587 -0.000187044 1.15144 0 
0.00248361 -0.484546 -0.000121342 -0.0946404 0 
0.00216471 -14.9832 -0.000228234 1.25386 0 
0.00279315 -5.00162 -0.00030196 0.835924 0 
0.00227842 -12.6075 -0.000443806 1.26179 0 
0.00252538 -0.235092 -5.56957e-05 0.0377831 0 
0.002141 -1.56722 -0.000139782 0.140819 0 
0.00253583 -0.322816 -0.000129101 -0.103948 0 
0.00263455 -0.199533 -4.98201e-05 0.0356967 0 
0.00299909 -0.127809 3.06504e-06 0.0107681 0 
0.00281877 -4.37824 -0.000303338 0.757382 0 
0.00259785 -3.41112 -0.000256276 0.513349 0 
0.00280013 -0.169038 -4.17593e-05 0.0210113 0 
0.00282415 -6.02554 -0.000303117 0.952023 0 
0.00280295 -5.39849 -0.00030792 0.92308 0 
0.00224594 -16.3837 2.41084e-05 0.273125 0 
0.0024534 -14.7807 -0.000432848 1.37721 0 
0.00245977 -0.541021 -0.000142249 -0.0939224 0 
0.00240693 -14.1734 -0.000415823 1.3362 0 
0.00219097 -1.40092 -0.000125747 0.0624304 0 
0.0024496 -13.8722 -0.000339882 1.48096 0 
0.002198 -15.793 -9.63969e-06 0.555762 0 
0.00275741 -3.74307 -0.000284015 0.652416 0 
0.00183538 -17.7211 1.05301e-05 0.505949 0 
0.00233645 -13.8369 -0.000280718 1.45184 0 
0.00254308 -0.237128 -9.50305e-05 0.00298411 0 
0.00187721 -11.9402 -0.000159414 1.25693 0 
0.00255446 -0.253317 -0.000115465 -0.0363563 0 
0.00245346 -2.22757 -0.000127712 0.184469 0 
0.00234715 -14.1901 -0.000243012 1.4079 0 
0.00244592 -11.1367 -0.000426757 1.32576 0 
0.00230741 -1.10437 -0.000127055 -0.00450396 0 
0.00232646 -14.0294 -0.000491682 1.29825 0 
0.00232092 -14.3678 -0.00017527 1.38776 0 
0.00251255 -0.213375 -5.87936e-05 0.0215164 0 
0.00237936 -14.5157 -0.000210581 1.36867 0 
0.00253137 -0.270934 -0.00012005 -0.103394 0 
0.00283297 -10.1238 -0.000382881 1.18852 0 
0.00279642 -2.72553 -0.000199905 0.499937 0 
0.0028358 -9.4293 -0.000429869 1.06409 0 
0.00357319 -4.83679 -0.000349473 1.27934 0 
0.00264636 -0.181391 -3.04803e-05 0.0302725 0 
0.00280625 -10.8891 -0.000439285 1.22037 0 
0.00249176 -0.803107 -0.000128448 -0.0779039 0 
0.00186476 -1.81236 -0.000193746 0.13895 0 
0.00268134 -0.343457 -0.000143365 -0.186605 0 
0.0035534 -7.17831 -0.000392043 1.27023 0 
0.00267715 -0.293552 -0.000129367 -0.182277 0 
0.00283544 -0.152009 -6.12492e-06 0.0288648 0 
0.00359135 -2.68293 -0.0001785 0.323853 0 
0.00231089 -16.7415 3.48224e-05 0.144771 0 
0.00240661 -17.4454 -4.58555e-05 0.509993 0 
0.00288431 -4.49211 -0.000318354 0.815978 0 
0.0036133 -2.42768 -0.000223279 0.272098 0 
0.0024832 -14.4739 -0.000348089 1.51086 0 
0.00264589 -18.7939 -0.000149176 0.696752 0 
0.00269174 -14.9455 -0.00042957 1.49762 0 
0.00287989 -4.88112 -0.000324508 0.908332 0 
0.00225126 -1.42916 -0.000161711 0.0779406 0 
0.00231379 -13.3483 -0.000471572 1.26716 0 
0.00271625 -0.539364 -0.000129499 -0.165157 0 
0.00266532 -14.2758 -0.000419391 1.46531 0 
0.00242753 -14.4759 -0.000302203 1.50788 0 
0.00263327 -15.0987 -0.000527987 1.35466 0 
0.00275118 -17.4825 -0.000243187 0.963662 0 
0.00239631 -0.167986 -6.80892e-05 -0.0452193 0 
0.0024866 -0.171976 -9.53701e-05 -0.106441 0 
0.00286731 -3.01853 -0.000236367 0.620175 0 
0.00301337 -4.94688 -0.000335657 1.04902 0 
0.00292347 -3.65087 -0.000288329 0.742026 0 
0.00249506 -15.0411 -0.000279995 1.47889 0 
0.00254825 -0.150587 -6.94438e-05 -0.0134838 0 
0.00258549 -15.8666 -0.00026697 1.43959 0 
0.00266124 -0.17454 -0.000130178 -0.195756 0 
0.00235614 -1.15261 -0.000152488 0.00301015 0 
0.00282451 -0.122269 -6.95238e-05 0.00431423 0 
0.00310572 -0.0933261 -5.99087e-05 0.0149654 0 
0.00338127 -0.0455791 -3.86953e-06 0.00600728 0 
0.00286949 -0.183678 -0.000147373 -0.2958 0 
0.00322028 -0.0734349 -3.76317e-05 0.0131028 0 
0.00218753 -15.6448 -5.36917e-05 0.250466 0 
0.00294369 -0.323046 -0.00013312 -0.267823 0 
0.00267058 -11.7745 -0.00047058 1.24473 0 
0.00264354 -15.8427 -5.54381e-05 0.729712 0 
0.00249215 -0.869306 -0.000153216 -0.0753443 0 
0.00226946 -1.90612 -0.000308645 0.184135 0 
0.00253156 -14.6349 -0.000484906 1.27795 0 
0.00269137 -14.0622 -0.000333583 1.60784 0 
0.00316897 -14.817 -0.000122835 1.09242 0 
0.00309629 -10.2428 -0.00042878 1.08652 0 
0.00325926 -2.99198 -0.000260834 0.40427 0 
0.00420787 -5.63092 -0.000509332 1.01002 0 
0.00313225 -10.7279 -0.000476206 1.14818 0 
0.00200934 -1.91524 -0.00011015 0.12377 0 
0.00269733 -0.602729 -0.000154315 -0.166193 0 
0.00264053 -14.2977 -0.000283275 1.57776 0 
0.00313968 -6.65631 -0.000208892 1.00158 0 
0.00331735 -17.8327 -0.000137567 1.24696 0 
0.00225277 -0.132746 -0.000125421 -0.0991092 0 
0.00297782 -9.85259 -0.000418507 1.34476 0 
0.00231553 -0.118687 -9.48012e-05 -0.0512266 0 
0.00251156 -0.14014 -0.000140605 -0.181697 0 
0.00273829 -14.879 -0.00025384 1.54838 0 
0.0029258 -14.2942 -0.000413433 1.61167 0 
0.00289815 -15.6756 -0.000222189 1.49088 0 
0.00293597 -0.377286 -0.000154144 -0.274567 0 
0.00295327 -15.4252 -0.00053244 1.46057 0 
0.00270181 -0.10121 -5.88392e-05 -0.0229095 0 
0.0031101 -4.70662 -0.000338603 0.738217 0 
0.00282565 -0.14511 -0.000140406 -0.283302 0 
0.00347877 -2.43933 -0.000209793 0.36623 0 
0.00314337 -0.0794541 -1.61622e-05 -0.00257141 0 
0.00247971 -1.53824 -0.000128531 0.0288727 0 
0.00316265 -5.23514 -0.000353564 0.823023 0 
0.00207033 -11.6003 -0.000485186 1.43456 0 
0.00152091 -17.6758 7.54517e-05 0.121 0 
0.00335629 -0.061734 2.836e-06 0.00997624 0 
0.00344553 -5.55731 -0.000382608 0.928208 0 
0.00352242 -2.15875 -0.000276776 0.217662 0 
0.00331352 -3.33281 -0.000288909 0.513153 0 
0.00272378 -19.3977 -6.48553e-05 0.435794 0 
0.00314305 -0.153779 -0.000141683 -0.386527 0 
0.00291698 -14.5931 -0.000501819 1.41523 0 
0.00326632 -3.93839 -0.000315893 0.637761 0 
0.00302277 -17.9868 -0.000126019 0.898294 0 
0.00292809 -15.0255 -0.000418446 1.63415 0 
0.00259933 -1.21686 -0.00013145 -0.0565016 0 
0.00275695 -14.7066 -0.000349773 1.65941 0 
0.00351185 -16.2631 -0.000111693 1.22773 0 
0.00317094 -0.196783 -0.000154836 -0.403106 0 
0.0028041 -15.0348 -0.000321447 1.67426 0 
0.00189165 -0.080122 -4.42216e-05 -0.172898 0 
0.00328582 -8.64623 -0.000557214 0.828582 0 
0.00313959 -16.7266 -0.000271599 1.55258 0 
0.00195792 -0.0826393 -3.73315e-05 -0.0932838 0 
0.00261191 -0.0649994 -0.000100339 -0.294808 0 
0.00296605 -15.8568 -0.000308449 1.65164 0 
0.00275666 -0.898593 -0.00013139 -0.143271 0 
0.0015209 -12.1703 -0.000214367 0.122849 0 
0.00284316 -0.0602377 -9.33212e-05 -0.0580298 0 
0.00225455 -10.737 -0.000577849 1.52324 0 
0.00311174 -2.06339 -0.000181623 0.137518 0 
0.0030018 -0.0647697 -0.000142651 -0.416942 0 
0.00274693 -15.3309 -0.000648918 1.35622 0 
0.00334986 -0.0373852 -6.24797e-05 -0.0358234 0 
0.00325582 -15.543 -0.000523909 1.59626 0 
0.00299675 -0.605068 -0.000132489 -0.242597 0 
0.00263528 -1.52911 -0.00021431 0.056876 0 
0.00324446 -14.6739 -0.000506917 1.55995 0 
0.0035248 -2.6496 -0.000233124 0.47071 0 
0.00326848 -9.70201 -0.000482863 1.05528 0 
0.00399656 -0.0203043 -0.00010243 -0.0135756 0 
0.00326321 -0.00440166 4.75833e-05 0.000580434 0 
0.00349857 -9.80446 -0.000414566 1.20142 0 
0.00350735 -5.61608 -0.000412178 0.999177 0 
0.00308457 -0.0169209 6.26808e-05 0.00275303 0 
0.00327376 -0.358489 -0.000134886 -0.359025 0 
0.00323572 -15.6942 -0.000126387 0.613045 0 
0.00336274 -0.0620114 -0.000153606 -0.547876 0 
0.00316294 -14.3974 -0.000404236 1.76417 0 
0.00342141 -10.8871 -0.00051094 1.2274 0 
0.00264882 -11.2748 -0.000454793 0.81656 0 
0.00335296 -17.1977 -0.000104158 1.12852 0 
0.00318641 -4.71647 -0.000360765 0.794314 0 
0.00298311 -14.4346 -0.000332125 1.74668 0 
0.00330673 -3.9543 -0.000351794 0.723333 0 
0.00332377 -17.1389 -0.000186962 1.42222 0 
0.00362244 -29.1557 -0.000100942 0.211797 0 
0.00392891 -2.54189 -0.000291723 0.268495 0 
0.00274858 -1.23294 -0.000173933 -0.0464355 0 
0.00306826 -14.899 -0.000292772 1.73892 0 
0.00333692 -5.06585 -0.000372727 0.915463 0 
0.00153338 -0.050646 -0.000109733 -0.154496 0 
0.0020278 -0.0560644 -0.000174291 -0.241487 0 
0.00345049 -16.5505 -0.000234729 1.64969 0 
0.00354668 -0.163461 -0.000141037 -0.494597 0 
0.00227235 -17.761 -0.000551082 1.09168 0 
0.0032839 -15.616 -0.000270056 1.73567 0 
0.00220356 -0.0375924 -9.11122e-05 -0.118276 0 
0.00303566 -0.0416877 -0.000111824 -0.359529 0 
0.00351539 -3.12474 -0.000293478 0.606056 0 
0.0032376 -15.6885 -0.0006447 1.40547 0 
0.0033845 -0.0256649 -1.47227e-05 -0.0779843 0 
0.00391048 -2.18148 -0.00022456 0.194309 0 
0.00280698 -0.960509 -0.000163496 -0.142046 0 
0.00332116 -0.0328034 -0.000141346 -0.510097 0 
0.00414814 -0.0113776 5.56864e-05 -0.0501978 0 
0.00151661 6.62042e-05 0.000198176 -0.00257372 0 
0.00387334 -0.0100156 -3.85236e-05 -0.00994996 0 
0.00418616 -20.2116 -0.00024741 0.693071 0 
0.00355583 -14.6846 -0.00049953 1.72816 0 
0.00351396 -15.6677 -0.00050563 1.74237 0 
0.00288252 -7.40263 -0.000361665 1.00535 0 
0.0031748 -15.1106 -0.000410281 1.79608 0 
0.00299334 -0.674511 -0.000164226 -0.245297 0 
0.00345687 -17.5847 -0.000189115 1.37774 0 
0.00376376 -0.0218742 -0.000147867 -0.645169 0 
0.00298748 -13.8315 -0.000468729 1.08458 0 
0.00314339 -15.0449 -0.000365165 1.85561 0 
0.00310002 -31.3275 -0.000412543 0.124324 0 
0.00348413 -17.8 -0.000237031 1.59543 0 
0.00325866 -0.419292 -0.000165252 -0.367203 0 
0.00304946 -1.76408 -0.000164244 0.00730612 0 
0.00340784 -1.77394 -0.000304521 0.058869 0 
0.00328766 -14.3629 -0.000567672 1.38555 0 
0.00214863 -0.00853797 -0.000222889 -0.215422 0 
0.00407644 -2.87539 -0.000313442 0.354935 0 
0.00271667 -0.00477421 7.71184e-05 -0.406177 0 
0.00334485 -15.6976 -0.000353673 1.89155 0 
0.00384951 -6.04481 -0.000430435 0.917146 0 
0.00353205 -16.7517 -0.00032807 1.83066 0 
0.0035539 -0.211606 -0.000165329 -0.51338 0 
0.00360294 -15.8227 -0.000637228 1.52551 0 
0.00290742 -0.0108967 -0.000135679 -0.100939 0 
0.00394975 -10.5561 -0.000556657 1.15482 0 
0.00365588 -10.6843 -0.000469837 1.01279 0 
0.00324636 0.00991273 -0.000110106 -0.494309 0 
0.00415931 -8.33267 -0.00035769 1.45762 0 
0.00375798 0.00753327 -8.22495e-05 -0.133293 0 
0.00340014 -4.89398 -0.000381891 0.709954 0 
0.00382322 -0.0555681 -0.000161731 -0.695874 0 
0.0028208 -6.63683 -0.000509456 1.03491 0 
0.00365306 -4.22026 -0.000346719 0.604764 0 
0.00375344 0.0102301 0.000101919 -0.07674 0 
0.00345413 0.0249636 -0.000126892 -0.665407 0 
0.00297568 -1.29491 -0.000152384 -0.112563 0 
0.00367469 -5.44929 -0.00040989 0.812049 0 
0.00326979 0.00215947 0.00022511 -0.0207976 0 
0.00407624 -3.45709 -0.000324212 0.467313 0 
0.00358666 -36.5003 -0.000444662 0.269134 0 
0.00151661 0.00134103 -9.52581e-05 -0.0152659 0 
0.00569252 -21.5197 0.000107233 0.844086 0 
0.00428719 -2.29951 -0.000237625 0.28179 0 
0.00293536 -7.70781 -0.000652512 1.48916 0 
0.00334435 -14.754 -0.000413552 1.93522 0 
0.00301715 -20.4539 -0.000277233 1.38152 0 
0.00363644 -14.6093 -0.000596671 1.49622 0 
0.00299766 -0.969923 -0.000129917 -0.22205 0 
0.00342934 -14.8904 -0.000334624 1.92223 0 
0.00398837 -16.0358 -0.000626284 1.66963 0 
0.0037841 -14.6872 -0.000492957 1.92931 0 
0.00379612 -16.5904 -0.000245832 1.97118 0 
0.00434217 -2.17183 -0.000373215 0.0879915 0 
0.0040053 0.0461784 -0.000144994 -0.845374 0 
0.00370004 -15.4305 -0.000310396 1.98079 0 
0.00399259 -15.8372 -0.000279806 2.04554 0 
0.00432614 0.0231313 0.000122877 -0.307598 0 
0.00482731 0.0226289 0.000230845 -0.189741 0 
0.00326841 -0.671411 -0.000117665 -0.333332 0 
0.00370383 -6.24581 -0.000489414 0.93316 0 
0.00376599 -37.7299 0.000279274 0.470564 0 
0.00352093 0.0401433 -9.45301e-05 -0.59691 0 
0.0048945 0.00698949 -5.89009e-05 -0.0571081 0 
0.0034594 0.019328 -5.74549e-05 -0.127155 0 
0.00361722 -0.396518 -0.000125053 -0.460812 0 
0.00378154 0.0116058 -0.000216613 -0.0919813 0 
0.00387296 0.0646021 -0.000142352 -0.764161 0 
0.00404144 -0.172356 -0.000135414 -0.604884 0 
0.00375433 -15.0516 -0.000744976 1.35581 0 
0.0033097 -1.28701 -0.000220908 -0.0949952 0 
0.0036585 -15.8489 -0.000488386 1.90289 0 
0.00404396 -1.97255 -0.000222375 0.0105537 0 
0.00439202 -0.00237393 -0.000160808 -0.785953 0 
0.00449542 -2.59486 -0.000270731 0.409135 0 
0.00384438 -5.35534 -0.000435986 0.897601 0 
0.00383719 -14.3105 -0.000206994 1.66923 0 
0.00399623 -14.9146 -0.000595363 1.62599 0 
0.00349375 -14.9313 -0.000422291 2.05331 0 
0.00355366 -4.33387 -0.000406864 0.642148 0 
0.00509748 -9.77502 -0.000650499 1.41047 0 
0.00314775 -21.1819 -0.000159668 1.5545 0 
0.004476 -9.97307 -0.000474904 1.16463 0 
0.00389571 -9.1491 -0.000442175 0.885986 0 
0.00410454 -8.97194 -0.000576133 0.992437 0 
0.00453288 -11.9188 -0.000537485 1.56247 0 
0.00355269 -4.92348 -0.000395604 0.779047 0 
0.00376967 -15.4956 -0.000401309 2.13073 0 
0.00412571 -17.8757 -0.000331085 2.05978 0 
0.00310921 -1.03699 -0.000176424 -0.218263 0 
0.00413578 -3.30395 -0.000382759 0.575212 0 
0.0041426 -16.2272 -0.000402424 2.20726 0 
0.00495931 0.065974 -0.000174823 -0.434253 0 
0.00573644 0.0343983 7.53129e-05 -0.38194 0 
0.00431075 -16.3427 -0.000609827 1.83185 0 
0.00452679 0.0986974 -0.000147518 -0.949575 0 
0.00496723 -2.42934 -0.000388874 0.15158 0 
0.00312254 0.077201 -3.75259e-05 -0.635401 0 
0.00457001 0.014163 -0.000130676 -0.378258 0 
0.0032644 -0.752153 -0.000171979 -0.33106 0 
0.00405446 -15.7002 -0.000740382 1.42795 0 
0.00409901 0.0929599 -9.28316e-05 -0.96409 0 
0.00438808 -14.9954 -0.000587888 1.81302 0 
0.00392856 -14.3063 -0.000489928 2.24084 0 
0.00499924 -1.98448 -0.000253507 0.0498413 0 
0.00363746 -0.462944 -0.00017059 -0.471224 0 
0.00427611 -7.09085 -0.00044565 0.841332 0 
0.0031931 -16.2624 -0.000536092 2.15398 0 
0.00335135 -17.936 -0.000322647 1.7859 0 
0.00406333 0.0150366 -0.000170352 -0.136262 0 
0.00484426 -14.2199 -0.000187011 2.10659 0 
0.00403505 -0.226965 -0.000182321 -0.622536 0 
0.00406461 -37.3939 -0.000323763 0.900444 0 
0.00586083 -14.2524 -5.24159e-05 2.45054 0 
0.0038416 -17.178 -0.000510682 2.41214 0 
0.00578151 0.048181 -0.000172992 -0.487483 0 
0.00449761 -0.0415831 -0.000183475 -0.839128 0 
0.00375467 -1.43844 -0.000202285 -0.161156 0 
0.00330736 0.0608963 -5.56871e-05 -0.855667 0 
0.00464164 0.0800011 -0.000148627 -1.00924 0 
0.00416115 -5.66174 -0.000470518 0.793144 0 
0.00519092 -2.7947 -0.000384547 0.261605 0 
0.00618396 0.026236 0.000286719 -0.413583 0 
0.00433562 -13.6255 -0.000655485 1.46478 0 
0.00441591 -1.39486 -0.000339806 -0.12957 0 
0.00320815 -3.80519 -0.000389211 0.641942 0 
0.00336735 0.11002 -0.000190382 -0.784408 0 
0.00431475 -15.5794 -0.00071809 1.58435 0 
0.00373066 -5.02385 -0.000451947 0.68342 0 
0.00453764 -14.9198 -0.000626351 2.1361 0 
0.00473455 0.141254 -0.000142393 -1.17975 0 
0.00526645 -13.6557 -0.000609149 1.22761 0 
0.00516462 -3.95254 -0.000292793 0.374367 0 
0.00559259 -12.1158 -0.000670069 1.22775 0 
0.00484535 -10.2335 -0.000595757 1.09985 0 
0.00283346 -0.914421 -0.000191729 -0.338456 0 
0.00447135 -6.69283 -0.000555726 0.939464 0 
0.0047638 -9.62309 -0.000494123 1.007 0 
0.00444778 -15.8864 -0.000613322 2.15107 0 
0.00491534 0.144234 -7.46356e-05 -1.00845 0 
0.00339405 -17.0144 -0.00046628 1.96946 0 
0.00550473 -29.5656 -4.95407e-05 1.43889 0 
0.00425967 -12.2745 -0.000463823 2.93981 0 
0.00346943 -0.75574 -5.77784e-05 -0.446033 0 
0.0055698 -2.13438 -0.000293599 0.145617 0 
0.00476905 -21.0626 -0.000370902 2.07793 0 
0.0052534 -12.6095 -0.000535567 3.29343 0 
0.00388661 0.0703369 0.000123546 -0.528353 0 
0.00443479 -14.2375 -0.000698294 1.56489 0 
0.00404645 0.09515 -0.000255819 -0.555562 0 
0.00501018 -16.608 -0.000728948 1.68582 0 
0.00380811 -0.424682 -9.83934e-05 -0.604383 0 
0.00572193 0.0270022 0.000354297 -0.33915 0 
0.00596044 -1.96454 -0.000518021 -0.114578 0 
0.00453173 -5.45833 -0.000485262 0.918536 0 
0.00416741 0.0829165 9.76602e-05 -1.09483 0 
0.00451842 -0.181123 -9.46534e-05 -0.73651 0 
0.00535519 0.0302594 -0.000145887 -0.913694 0 
0.00552135 0.165182 -0.00025213 -1.08879 0 
0.00473899 0.178124 -0.000104643 -1.43216 0 
0.00444108 -11.6062 -0.000424821 3.35989 0 
0.00559868 0.139639 -0.00011035 -1.34165 0 
0.00323227 -0.981909 -0.000131991 -0.356027 0 
0.00472615 -14.7056 -0.000624097 2.48434 0 
0.00405483 -4.87275 -0.000453204 0.7818 0 
0.00494032 -14.8276 -0.000803513 1.31817 0 
0.00322238 -4.56354 -0.000338819 0.543967 0 
0.00630823 -2.42786 -0.000227328 0.303731 0 
0.00553294 -1.76427 -0.00021109 -0.197356 0 
0.00541082 -30.8515 -0.00060186 1.60019 0 
0.00417603 -3.83202 -0.000555194 0.35298 0 
0.00537478 -17.2273 -0.000721568 1.88633 0 
0.00531906 -14.9692 -0.000723658 2.73615 0 
0.00493651 -15.1495 -0.00063237 1.5966 0 
0.00401908 0.0368721 -6.40955e-06 -0.543605 0 
0.00615097 -9.16247 -0.00035906 0.77251 0 
0.00437605 0.0985078 -8.30086e-05 -0.592464 0 
0.00302038 -0.988016 -0.000213934 -0.368903 0 
0.00518624 -13.0765 -0.000661505 1.307 0 
0.0053371 -9.47845 -0.000515103 1.12007 0 
0.00603167 -9.6404 -0.000731 0.82669 0 
0.00516925 -10.6037 -0.000583181 1.16807 0 
0.00651862 0.145519 0.00010413 -0.834311 0 
0.00566192 -30.6776 -0.000649815 1.68577 0 
0.00407953 -0.493452 -0.00015096 -0.638585 0 
0.00662106 -2.26914 -0.000534655 -0.0391541 0 
0.00562954 -14.5233 -0.000787497 3.04342 0 
0.00488912 -15.0862 -0.000800033 1.4292 0 
0.00445623 -0.254741 -0.000201653 -0.731881 0 
0.00686777 0.200755 9.84424e-05 -1.3315 0 
0.00817233 -21.5934 -0.000457875 2.53282 0 
0.00561086 -14.9058 -0.000662271 1.89535 0 
0.00454984 0.0395378 6.8379e-06 -0.414038 0 
0.00516735 -6.0658 -0.000577705 0.73882 0 
0.00453139 -13.8064 -0.000741996 2.68195 0 
0.00546038 -0.0248632 -0.000234971 -0.959593 0 
0.00515663 0.230162 -0.000259562 -1.30404 0 
0.0080683 -22.8629 -0.000386262 2.46409 0 
0.00685348 -1.73202 -0.000339946 -0.198477 0 
0.00624143 0.124517 -0.000209304 -1.37903 0 
0.00484262 0.227616 -4.60689e-05 -1.10749 0 
0.00479878 0.0426595 0.000165301 -0.877168 0 
0.00430612 -1.22628 -0.000334125 -0.369588 0 
0.00379843 -4.44176 -0.00051688 0.74188 0 
0.00663894 -2.35668 -0.000521267 0.128399 0 
0.0039228 -5.32682 -0.00056695 0.39228 0 
0.00921668 0.0794458 -0.00011862 -1.36058 0 
0.00534257 -12.7753 -0.000739686 1.47683 0 
0.00508004 -2.78208 -2.94409e-05 0.391872 0 
0.00649959 -0.86419 -0.000433028 -0.511634 0 
0.00515465 -18.7848 -0.00088214 2.49641 0 
0.00437884 -12.9886 -0.000686118 1.78723 0 
0.00478294 -15.066 -0.00100261 2.68684 0 
0.00401486 -0.506842 0.000167414 -0.541621 0 
0.00763748 0.0499855 -0.000412828 -0.951444 0 
0.00692629 -4.99705 -0.000486951 1.07239 0 
0.00766967 0.172546 -6.57062e-06 -1.73509 0 
0.0046817 -11.2292 -0.000622592 1.32919 0 
0.0057692 -6.41116 -0.0006814 1.2388 0 
0.00459472 -7.75711 -0.00042394 1.09366 0 
0.00425982 -0.483638 -6.45441e-05 -0.79648 0 
0.00471894 -10.664 -0.000723927 1.24973 0 
0.00378958 -0.176615 -0.000169418 -1.07232 0 
0.00671145 -1.96435 -0.000548724 -0.0884648 0 
0.00465282 -12.8187 -0.000898921 1.80242 0 
0.00554434 -14.1235 -0.00053076 2.40341 0 
0.0072854 0.0625563 0.000106457 -0.997205 0 
0.00787857 -20.1496 -0.000991034 1.47041 0 
0.00753438 0.404301 0.000399751 -1.27918 0 
0.00733288 0.233199 -0.000297877 -1.48862 0 
0.00435956 -4.84979 -0.000372661 0.676353 0 
0.00721895 0.367574 -0.000749454 -1.15868 0 
0.006819 -18.2705 -0.00068293 3.26058 0 
0.00519231 -18.4877 -0.000695302 2.32792 0 
0.00561054 -14.4846 -0.000385461 2.81773 0 
0.00990063 0.0896805 0.000464077 -1.41769 0 
0.00997639 -2.0333 -0.000878174 -0.382382 0 
0.00444042 -3.80522 -0.000612681 0.554324 0 
0.00568775 -2.87985 -0.000730364 0.0975505 0 
0.00578697 -2.92243 -0.000158382 0.25621 0 
0.00857716 0.221692 5.57252e-05 -1.92316 0 
0.00578272 -0.494663 -0.000166733 -1.00137 0 
0.0074383 -16.8056 -0.00121387 1.13152 0 
0.0109011 -1.42783 0.000255148 -0.543381 0 
0.00643003 -19.85 -0.000740748 2.01954 0 
0.00648584 -17.7199 -0.000338784 1.14696 0 
0.00786079 -5.50122 -0.000800933 0.798787 0 
0.00598806 -11.5818 -0.000995475 4.18573 0 
0.00630393 -18.413 -0.000589828 0.8913 0 
0.00428555 -0.26522 -6.7222e-05 -1.18055 0 
0.00600085 0.071209 0.000699368 -0.987695 0 
0.00608307 -6.49524 -0.000133743 0.809901 0 
0.00625466 -9.15708 -0.000155402 0.807486 0 
0.00587374 -12.6274 -0.000615171 0.825905 0 
0.0072914 -1.87649 -0.000687714 -0.350359 0 
0.00585324 -0.055124 -0.000475702 -0.780106 0 
0.00488818 -13.0537 -0.000676905 1.53404 0 
0.0050981 -23.9324 -0.000833298 2.56985 0 
0.00602738 -6.34309 -0.0009443 0.431215 0 
0.00813108 -12.0859 -0.00147061 2.70013 0 
0.00963851 0.249031 -0.000543603 -2.35154 0 
0.00654691 -4.22729 0.000157259 0.356455 0 
0.0105276 0.120409 -0.000173374 -2.75617 0 
0.00631668 0.0847068 -0.000620877 -1.347 0 
0.00494028 -2.28481 -0.000426911 -0.118575 0 
0.00542714 -3.54513 -0.000553444 0.127182 0 
0.00775077 -15.11 -0.000592311 3.95027 0 
0.00955009 0.152633 -9.22173e-05 -2.06383 0 
0.0100943 0.244945 0.000152869 -2.58467 0 
0.00729163 -0.626653 -0.000112767 -0.950227 0 
0.00922097 -12.8355 -0.00106977 2.77796 0 
0.00923123 -5.69285 -0.000653632 1.0146 0 
0.00857977 -1.30894 -0.00107548 -0.761391 0 
0.00817495 -8.60241 -0.00120194 2.35301 0 
0.00422423 -0.219891 -0.000281083 -1.34469 0 
0.00822218 -4.11655 -0.000785608 0.744545 0 
0.00918618 -0.740088 0.000448513 -1.13853 0 
0.00707081 -1.55259 -0.000832584 -0.516899 0 
0.00820977 -3.13298 -3.70432e-05 0.299868 0 
0.00638208 -9.67006 -0.00178551 4.60271 0 
0.00638208 -11.1307 -0.000462997 4.94526 0 
0.00681079 -4.99927 -0.000428352 1.78845 0 
0.00683558 -8.18011 -0.000682416 3.2269 0 
0.00724516 -6.40426 -0.00072613 2.16159 0 
0.00564336 -1.65803 -0.000517294 -0.15241 0 
0.00669531 -0.244076 1.20351e-05 -2.09282 0 
0.00589269 -0.0347324 -0.000415308 -2.90148 0 
